feature_1,feature_2,feature_3,feature_4,feature_5,feature_6,feature_7,feature_8,feature_9,feature_10,feature_11,feature_12,feature_13,feature_14,feature_15,feature_16,feature_17,feature_18,feature_19,feature_20,feature_21,feature_22,feature_23,feature_24,feature_25,feature_26,feature_27,feature_28,feature_29,feature_30,feature_31,feature_32,feature_33,feature_34,feature_35,feature_36,feature_37,feature_38,feature_39,feature_40,feature_41,feature_42,feature_43,feature_44,feature_45,feature_46,feature_47,feature_48,feature_49,feature_50,feature_51,feature_52,feature_53,feature_54,feature_55,feature_56,feature_57,feature_58,feature_59,feature_60,feature_61,feature_62,feature_63,feature_64,feature_65,feature_66,feature_67,feature_68,feature_69,feature_70,feature_71,feature_72,feature_73,feature_74,feature_75,feature_76,feature_77,feature_78,feature_79,feature_80,feature_81,feature_82,feature_83,feature_84,feature_85,feature_86,feature_87,feature_88,feature_89,feature_90,feature_91,feature_92,feature_93,feature_94,feature_95,feature_96,feature_97,feature_98,feature_99,feature_100,feature_101,feature_102,feature_103,feature_104,feature_105,feature_106,feature_107,feature_108,feature_109,feature_110,feature_111,feature_112,feature_113,feature_114,feature_115,feature_116,feature_117,feature_118,feature_119,feature_120,feature_121,feature_122,feature_123,feature_124,feature_125,feature_126,feature_127,feature_128,feature_129,feature_130,feature_131,feature_132,feature_133,feature_134,feature_135,feature_136,feature_137,feature_138,feature_139,feature_140,feature_141,feature_142,feature_143,feature_144,feature_145,feature_146,feature_147,feature_148,feature_149,feature_150,feature_151,feature_152,feature_153,feature_154,feature_155,feature_156,feature_157,feature_158,feature_159,feature_160,feature_161,feature_162,feature_163,feature_164,feature_165,feature_166,feature_167,feature_168,feature_169,feature_170,feature_171,feature_172,feature_173,feature_174,feature_175,feature_176,feature_177,feature_178,feature_179,feature_180,feature_181,feature_182,feature_183,feature_184,feature_185,feature_186,feature_187,feature_188,feature_189,feature_190,feature_191,feature_192,feature_193,feature_194,feature_195,feature_196,feature_197,feature_198,feature_199,feature_200,feature_201,feature_202,feature_203,feature_204,feature_205,feature_206,feature_207,feature_208,feature_209,feature_210,feature_211,feature_212,feature_213,feature_214,feature_215,feature_216,feature_217,feature_218,feature_219,feature_220,feature_221,feature_222,feature_223,feature_224,feature_225,feature_226,feature_227,feature_228,feature_229,feature_230,feature_231,feature_232,feature_233,feature_234,feature_235,feature_236,feature_237,feature_238,feature_239,feature_240,feature_241,feature_242,feature_243,feature_244,feature_245,feature_246,feature_247,feature_248,feature_249,feature_250,feature_251,feature_252,feature_253,feature_254,feature_255,feature_256,feature_257,feature_258,feature_259,feature_260,feature_261,feature_262,feature_263,feature_264,feature_265,feature_266,feature_267,feature_268,feature_269,feature_270,feature_271,feature_272,feature_273,feature_274,feature_275,feature_276,feature_277,feature_278,feature_279,feature_280,feature_281,feature_282,feature_283,feature_284,feature_285,feature_286,feature_287,feature_288,feature_289,feature_290,feature_291,feature_292,feature_293,feature_294,feature_295,feature_296,feature_297,feature_298,feature_299,feature_300,feature_301,feature_302,feature_303,feature_304,feature_305,feature_306,feature_307,feature_308,feature_309,feature_310,feature_311,feature_312,feature_313,feature_314,feature_315,feature_316,feature_317,feature_318,feature_319,feature_320,feature_321,feature_322,feature_323,feature_324,feature_325,feature_326,feature_327,feature_328,feature_329,feature_330,feature_331,feature_332,feature_333,feature_334,feature_335,feature_336,feature_337,feature_338,feature_339,feature_340,feature_341,feature_342,feature_343,feature_344,feature_345,feature_346,feature_347,feature_348,feature_349,feature_350,feature_351,feature_352,feature_353,feature_354,feature_355,feature_356,feature_357,feature_358,feature_359,feature_360,feature_361,feature_362,feature_363,feature_364,feature_365,feature_366,feature_367,feature_368,feature_369,feature_370,feature_371,feature_372,feature_373,feature_374,feature_375,feature_376,feature_377,feature_378,feature_379,feature_380,feature_381,feature_382,feature_383,feature_384,feature_385,feature_386,feature_387,feature_388,feature_389,feature_390,feature_391,feature_392,feature_393,feature_394,feature_395,feature_396,feature_397,feature_398,feature_399,feature_400,label_1,label_2,label_3,label_4,label_5,label_6,label_7
-54.47350251536042,-54.474582715152295,-54.477825904519776,-54.483233699050984,-54.49080879531682,-54.50055497626095,-54.51247711877818,-54.526581203513715,-54.54287432692495,-54.56136471565802,-54.58206174330109,-54.604975949587526,-54.630119062133346,-54.657504020805305,-54.687145004828636,-54.7190574627573,-54.753258145443795,-54.789765142161635,-54.82859792005006,-54.86977736706929,-54.91332583867411,-54.95926720843558,-55.007626922864,-55.05843206071256,-55.111711397069186,-55.16749547257555,-55.22581666814695,-55.28670928560443,-55.350209634673284,-55.41635612684843,-55.48518937667963,-55.556752311087074,-55.63109028738307,-55.70825122074709,-55.788285721983115,-55.87124724647847,-55.95719225538542,-56.046180390162036,-56.13827466173773,-56.23354165571615,-56.33205175519333,-56.43387938295799,-56.53910326505434,-56.64780671793296,-56.76007796169322,-56.87601046224111,-56.99570330555276,-57.11926160765557,-57.24679696442663,-57.37842794587016,-57.51428064018951,-57.65448925372862,-57.799196773743745,-57.94855570200313,-58.10272886842904,-58.261890335429605,-58.426226405260905,-58.59593674476794,-58.77123564424305,-58.95235342999652,-59.13953805366056,-59.333056885377154,-59.53319874301779,-59.74027619565991,-59.954628186971746,-60.17662303327921,-60.406661862355634,-60.645182572970796,-60.892664412727164,-61.14963329371281,-61.41666799336284,-61.69440742346393,-61.983559195923036,-62.284909773133485,-62.59933656818414,-62.92782246231927,-63.27147334323929,-63.631539451338426,-64.00944157114715,-64.40680345063383,-64.82549231443427,-65.26767002385317,-65.73585842822976,-66.23302391033423,-66.76268831503262,-67.3290768024333,-67.9373184330866,-68.59372379876284,-69.30617818795508,-70.08471326162804,-70.94236430030614,-71.89650339847171,-72.97100576873669,-74.19996430495928,-75.63450521384435,-77.3564461665675,-79.50916340725078,-82.38076318308404,-86.70366753550059,-95.70366249502241,-97.44141384899025,-87.2808094169784,-82.72649064595839,-79.75558525030846,-77.54757282015196,-75.79033715237966,-74.3312696775136,-73.08424477737813,-71.99585567436716,-71.0306891546277,-70.16405264564277,-69.37804096382492,-68.65925629727734,-67.99741183960836,-67.38443751203577,-66.81388559176892,-66.28052310389201,-65.78004469983343,-65.30886565955116,-64.86396959891239,-64.44279440092699,-64.0431454065627,-63.663128403268985,-63.301097228721055,-62.9556123240884,-62.625407600873935,-62.3093636972352,-62.006486199992246,-61.71588776546166,-61.43677333045333,-61.16842779392921,-60.91020569004718,-60.66152247839595,-60.421847156777474,-60.190695962683165,-59.96762697647756,-59.75223547573235,-59.5441499186924,-59.34302845737352,-59.1485558986827,-58.96044104625821,-58.77841436723676,-58.60222593746929,-58.431643626285386,-58.26645148810456,-58.10644833328794,-57.95144645483102,-57.80127049098846,-57.65575640683018,-57.51475058015998,-57.378108979270934,-57.24569642173367,-57.117385904870595,-56.993057999805465,-56.87260030203102,-56.75590693233754,-56.64287808271596,-56.53341960251246,-56.427442620682584,-56.324863200487115,-56.22560202339959,-56.12958409936751,-56.03673850089294,-55.94699811868121,-55.86029943685357,-55.77658232593704,-55.695789852034885,-55.61786810074984,-55.54276601457991,-55.470435242638004,-55.4008300016629,-55.33390694739197,-55.2696250554584,-55.207945511056735,-55.14883160669429,-55.09224864741101,-55.03816386290885,-54.98654632608452,-54.93736687750668,-54.89059805542123,-54.84621403090678,-54.80419054783749,-54.76450486734162,-54.72713571647315,-54.692063240839644,-54.659268960953725,-54.62873573209671,-54.60044770750373,-54.57439030469721,-54.55055017481317,-54.52891517478007,-54.50947434222475,-54.4922178729934,-54.47713710118823,-54.46422448163254,-54.453473574688076,-54.44487903335917,-54.4384365926286,-54.43414306097965,-54.43199631406862,-54.4319952905207,-54.434139989832076,-54.43843147236879,-54.444871861462886,-54.45346434761436,-54.464213194816686,-54.477123749032685,-54.49220244885659,-54.50945683840767,-54.52889558251077,-54.550528484228934,-54.57436650482435,-54.60042178623497,-54.62870767616604,-54.659238755908575,-54.692030871010324,-54.727101164939285,-54.764468115895625,-54.8041515769447,-54.846172819662186,-54.89055458150255,-54.93732111712356,-54.986498253923585,-55.03811345207434,-55.09219586936068,-55.14877643117023,-55.20788790601075,-55.269564986971524,-55.33384437958762,-55.40076489661324,-55.47036756026295,-55.542695712537984,-55.61779513432051,-55.695714173991355,-55.77650388640876,-55.86021818317757,-55.946913995241125,-56.03665144894472,-56.1294940568503,-56.22550892473062,-56.32476697633878,-56.427343197740015,-56.53331690320954,-56.64277202494751,-56.75579742914515,-56.87248726125958,-56.9929413237272,-57.117265489772834,-57.24557215746615,-57.3779807487479,-57.51461825881159,-57.65561986199682,-57.801129581251054,-57.95130102926876,-58.106298230654104,-58.26629653590925,-58.43148363977244,-58.6020607184723,-58.77824370289683,-58.96026470758295,-59.148373638922195,-59.34284001018487,-59.54395499605894,-59.752033765597126,-59.96741814004277,-60.19047963131733,-60.421622928460096,-60.66128991361413,-60.90996430703942,-61.16817706314827,-61.436512668088554,-61.71561652582269,-62.00620366650526,-62.30906907173684,-62.625099990801786,-62.95529072705158,-63.30076051378103,-63.66277528805102,-64.04277442903195,-64.44240388426391,-64.86355760735864,-65.30842994228996,-65.77958261878989,-66.28003153958926,-66.81336081871768,-67.38387503100802,-67.99680614756168,-68.65860056488427,-69.37732657219271,-70.16326850138155,-71.02982064254476,-71.99488299050077,-73.08314014335745,-74.32999239572153,-75.78882412509904,-77.5457184175963,-79.75319200728725,-82.72311936572073,-87.2751126193823,-97.42307358409094,-95.7187059876905,-86.70900032345075,-82.38400287863334,-79.51148904457615,-77.3582592853222,-75.63599028004953,-74.20122128794637,-72.97209491135818,-71.89746380394521,-70.943222787075,-70.08548902135134,-69.30688542694001,-68.59437332697973,-67.93791866680378,-67.32963442228858,-66.76320871249737,-66.23351149928867,-65.73631686776685,-65.2681023810255,-64.82590118537591,-64.4071910522112,-64.0098098113443,-63.631889984035254,-63.27180761135892,-62.928141732187484,-62.59964195716446,-62.28520227205749,-61.98383968744962,-61.69467669722295,-61.41692675853618,-61.149882189555996,-60.892904017423376,-60.64541341112448,-60.40688441136918,-60.176837728806404,-59.954835427604145,-59.74047634697175,-59.5333921410721,-59.33324383977681,-59.13971885021347,-58.95252833305176,-58.77140489874573,-58.596100578072274,-58.42638502873492,-58.26204394587937,-58.10287764936632,-57.948699824776625,-57.799336398551006,-57.65462453052346,-57.51441170949762,-57.37855493952365,-57.246920006227,-57.119380813973315,-56.99581878587062,-56.87612231964721,-56.76018629332936,-56.64791161540309,-56.539204814796975,-56.43397766658654,-56.332146849807486,-56.233633634187,-56.138363592969526,-56.046266339332355,-55.9572752841662,-55.871327413239285,-55.78836308197867,-55.70832582628992,-55.63116218800317,-55.556821553679214,-55.48525600563961,-55.41642018419918,-55.35027116018146,-55.28676831688848,-55.225873240777204,-55.16754962016699,-55.11176315136736,-55.0584814516733,-55.00767397872721,-54.9593119557937,-54.913368302535446,-54.86981757091666,-54.82863588589506,-54.789800890594755,-54.753291695680666,-54.71908883268128,-54.68717421103002,-54.65753107861718,-54.63014398566449,-54.6049987517523,-54.58208243584659,-54.56138330918853,-54.54289083092384,-54.52659562636295,-54.51248946777539,-54.50056525763421,-54.49081701423725,-54.483239859643106,-54.477830009869805,-54.474584767314305,-54.47350251536042,0.004483855948021186,c,-2,-2,-2,1.1809212648888374,1.2345441758950106,0.7440925739164301
-34.8614185154358,-34.86249843954927,-34.86573968132418,-34.87114385383096,-34.878713649248965,-34.88845284424263,-34.90036630752012,-34.91446000960683,-34.9307410348753,-34.949217595883574,-34.969899050083754,-34.99279591897362,-35.01791990977543,-35.04528393973779,-35.07490216316953,-35.10679000132752,-35.1409641752954,-35.177442742005525,-35.216245133573096,-35.257392200130084,-35.300906256365934,-35.34681113200398,-35.3951322264657,-35.44589656800103,-35.49913287759124,-35.55487163796179,-35.6131451680774,-35.6739877035291,-35.737435483265266,-35.803526843165415,-35.87230231700686,-35.943804745432686,-36.0180793935932,-36.09517407820536,-36.17513930485498,-36.2580284164569,-36.34389775388973,-36.43280682993592,-36.524818517787246,-36.619999255520746,-36.71841926811596,-36.82015280877088,-36.925278421487675,-37.033879227141405,-37.146043235522875,-37.26186368616394,-37.38143942111824,-37.504875293289764,-37.63228261438529,-37.76377964712616,-37.89949214700381,-38.03955395961776,-38.184107680514785,-38.333305385477495,-38.48730944041862,-38.64629340145985,-38.810443017454595,-38.97995734920693,-39.155050022010364,-39.335950630963424,-39.52290632191814,-39.716183575011954,-39.91607022268882,-40.12287774013933,-40.33694385344961,-40.55863551978761,-40.78835234511586,-41.02653051878062,-41.273647361643995,-41.53022660620266,-41.796844554704776,-42.07413729643325,-42.36280921049746,-42.66364303900143,-42.977511891941475,-43.30539364608072,-43.64838833447918,-44.007739304414564,-44.384859168129026,-44.781361911233226,-45.19910299972863,-45.64023000256854,-46.10724722207156,-46.60309925733874,-47.13128057257305,-47.695981429756486,-48.30228570436012,-48.95644442488041,-49.66626272580169,-50.44166178492318,-51.29552022763532,-52.244980389120464,-53.31356634507192,-54.534806128464936,-55.958855572244,-57.66571297055165,-59.79489770796719,-62.62466042997282,-66.85248496414883,-75.4246596781217,-78.73365311632969,-67.94338377802015,-63.27819047971383,-60.26110530294104,-58.02777426503959,-56.25455106633155,-54.784472174562495,-53.529402217320595,-52.43487852475681,-51.464879979121186,-50.59433928936671,-49.80510771420326,-49.08362227623982,-48.41948020581875,-47.80452761209956,-47.232254691651406,-46.69738150618373,-46.195566523949154,-45.723196696979116,-45.27723314683619,-44.85509566800331,-44.454574890662684,-44.07376451620728,-43.71100836082231,-43.36485848617883,-43.03404174340905,-42.71743277986458,-42.4140320661547,-42.12294786316116,-41.84338131057796,-41.57461401026018,-41.31599761972686,-41.06694507757234,-40.82692316306053,-40.595446153682744,-40.37207039186121,-40.15638960881189,-39.948030882424305,-39.74665112876842,-39.5519340449099,-39.3635874351623,-39.18134086452428,-39.004943592450836,-38.83416274775469,-38.668781711687075,-38.508598681385905,-38.35342539012217,-38.203085964294495,-38.05741590005287,-37.91626114488411,-37.77947727155022,-37.646928733505455,-37.5184881923856,-37.3940359094084,-37.27345919358472,-37.156651900546144,-37.04351397657126,-36.933951043060105,-36.827874017281346,-36.72519876571401,-36.6258457867361,-36.52973991978655,-36.436810078453206,-36.346989005223406,-36.26021304588318,-36.17642194176885,-36.095558638267164,-36.01756910812854,-35.94240218830741,-35.87000942917549,-35.80034495507051,-35.733365335246745,-35.66902946438606,-35.60729845191013,-35.54813551940836,-35.49150590556111,-35.437376777997336,-35.38571715157795,-35.33649781264436,-35.28969124881386,-35.245271583942596,-35.20321451791184,-35.16349727092462,-35.12609853202905,-35.09099841161037,-35.05817839761836,-35.027621315317745,-34.99931129037008,-34.973233715073626,-34.9493752176048,-34.92772363412063,-34.908267983596076,-34.89099844528398,-34.875906338697746,-34.86298410602933,-34.8522252969259,-34.84362455555974,-34.837177609935836,-34.832881263391705,-34.83073338825336,-34.83073292162055,-34.83287986326368,-34.83717527562328,-34.8436212859123,-34.85222109032987,-34.86297896040446,-34.875900251493086,-34.890991413472754,-34.90826000366961,-34.927714702081225,-34.949365328957626,-34.97322286481749,-34.99929947298711,-35.02760852476192,-35.058164627302816,-35.09098365439341,-35.126082780198885,-35.163480516182666,-35.20319675135448,-35.24525279604154,-35.28967142939463,-35.33647695086316,-35.38569523589653,-35.43735379615594,-35.49148184454921,-35.54811036543305,-35.60727219036209,-35.66900207980277,-35.73333681127292,-35.800315274415254,-35.86997857356623,-35.942370138440076,-36.0175358436138,-36.09552413757238,-36.17638618215525,-36.260176003338,-36.34695065438638,-36.436770392536914,-36.5296988704901,-36.6258033441514,-36.72515489822399,-36.82782869144913,-36.933904223508506,-37.04346562585123,-37.15660197899326,-37.273407659162224,-37.39398271753541,-37.51843329574871,-37.64687208185188,-37.7794188114602,-37.91620081952011,-38.05735364888278,-38.20302172278541,-38.35335908940101,-38.50853024786258,-38.66871106663501,-38.83408980684287,-39.00486826522058,-39.18126305380267,-39.36350703640287,-39.55185094544957,-39.74656520698751,-39.94794200679417,-40.156297636811615,-40.37197516874122,-40.595347511048566,-40.8268209172445,-41.06683902775394,-41.31588754575364,-41.57449967011037,-41.84326243739135,-42.122824161747374,-42.413903208864255,-42.71729840167811,-43.03390143605979,-43.36471179107107,-43.710854760436895,-44.073603423589134,-44.45440563645277,-44.854917484292955,-45.27704514686142,-45.722997849298935,-46.19535561920618,-46.69715711373476,-47.232015102122446,-47.80427076000322,-48.41920356331073,-49.0833227040565,-49.804781247256514,-50.59398081932058,-51.46448276823703,-52.43443343057415,-53.52889639391117,-54.783886760119664,-56.2538567320908,-58.02692171326206,-60.260001816743845,-63.27662774409413,-67.9407090538896,-78.72439274607474,-75.43099366620608,-66.85484424567319,-62.62610953010349,-59.79594298111329,-57.666530094834876,-55.959526008263666,-54.53537427442667,-53.314059059198755,-52.245415153647514,-51.29590905797946,-50.44201329382702,-49.666583297285214,-48.956738922109494,-48.30255791715071,-47.69623436875888,-47.131516669128786,-46.60332050311708,-46.10745526902245,-45.64042623599757,-45.199288592724294,-44.78153786587971,-44.385026347176186,-44.00789845593921,-43.64854011132009,-43.30553862132231,-42.97765057137265,-42.66377587123165,-42.36293659523988,-42.074259591339285,-41.79696208104382,-41.53033965361349,-41.273756192134094,-41.026635370111926,-40.78845343368647,-40.558733043096815,-40.337037992216686,-40.12296866013254,-39.91615807631121,-39.71626850268148,-39.52298845327347,-39.336030085921024,-39.15512691169447,-38.980031776770176,-38.81051507880442,-38.646363185903326,-38.487377031236406,-38.33337086043614,-38.184171112325025,-38.039615416345505,-37.89955169243959,-37.7638373411179,-37.63233851313871,-37.50492944964003,-37.38149188477615,-37.261914503939416,-37.146092451528105,-37.03392688297599,-36.92532455640746,-36.82019745984222,-36.71846247035685,-36.62004104203015,-36.5248589198637,-36.43284587718651,-36.34393547433024,-36.25806483660406,-36.17517444981143,-36.09520797173801,-36.01811205820563,-35.94383620243194,-35.87233258656525,-35.80355594437772,-35.73746343420166,-35.67401452128409,-35.613170868815345,-35.554896236958854,-35.49915638927449,-35.44591900598452,-35.39515360358398,-35.34683146034317,-35.30092554729243,-35.25741046431718,-35.21626238102564,-35.177458982082605,-35.14097941673134,-35.106804252251244,-35.07491543112232,-35.04529623168957,-35.01793123213966,-34.99280627762094,-34.96990845035421,-34.94922604259779,-34.93074853234439,-34.914466561641234,-34.900371917437376,-34.888457514874055,-34.87871738294542,-34.8711466524675,-34.86574154630385,-34.86249937180589,-34.8614185154358,0.004483855948021186,e,0,0,0,0.9002063737379982,1.507312595370621,1.4740409817741031
-42.29228499123269,-42.293348072198654,-42.296573984302015,-42.30196433307525,-42.309521803970576,-42.31925016772613,-42.331154287917585,-42.3452401307275,-42.361514776974055,-42.37998643645116,-42.400664464641665,-42.42355938187674,-42.448682895025456,-42.47604792181069,-42.505668617860195,-42.53756040661518,-42.57174001223323,-42.60822549563823,-42.64703629388643,-42.68819326303642,-42.73171872473034,-42.777636516715454,-42.82597204755869,-42.87675235583258,-42.930006174079544,-42.98576399789256,-43.04405816048476,-43.104922913158305,-43.16839451212551,-43.23451131218122,-43.303313867777824,-43.374845042111936,-43.44915012489615,-43.526276959561415,-43.606276080716135,-43.689200862778684,-43.77510768080148,-43.864056084619534,-43.95610898758517,-44.051332871296836,-44.14979800789525,-44.25157870168752,-44.356753552073684,-44.46540573999309,-44.57762334038617,-44.6934996634852,-44.81313362811322,-44.936630170590405,-45.06410069333177,-45.19566355778149,-45.331444626978595,-45.47157786380565,-45.616205991853775,-45.765481226869596,-45.919566087960675,-46.07863429916211,-46.24287179365239,-46.412477834904,-46.587666271432866,-46.768666944651606,-46.955727272740546,-47.149114037556636,-47.349115406570874,-47.55604322786699,-47.77023564361759,-47.992060076521845,-48.22191665488634,-48.46024215593884,-48.7075145643422,-48.96425836473099,-49.23105071476439,-49.508528680479664,-49.79739776108357,-50.098441989084264,-50.41253596847418,-50.740659315010845,-51.08391409768407,-51.44354606236739,-51.82097066656095,-52.217805296266576,-52.635909514700366,-53.07743587227126,-53.544894788334744,-54.04123845684196,-54.56997088858975,-55.13529451270672,-55.74230895641773,-56.39728600801533,-57.10805873005238,-57.88458678064408,-58.73980331856185,-59.69093060779471,-60.7616147743573,-61.985579974094385,-63.41331847111171,-65.1254580871321,-67.26284885970516,-70.10712588152268,-74.36766286820408,-83.08300114851541,-85.83436569993574,-75.27826248674975,-70.65283447727023,-67.65220109053908,-65.42787280284583,-63.660335078146844,-62.19417724868653,-60.94197838361129,-59.849650383896005,-58.88138744968346,-58.012254855904274,-57.224189942857365,-56.50368806116643,-55.840387364840225,-55.226163521960544,-54.65452861108975,-54.12021923831781,-53.61890661171632,-53.14698765194936,-52.70143139194119,-52.27966398429398,-51.87948122683538,-51.498981063766,-51.13651082679019,-50.79062551479857,-50.46005445165028,-50.14367438088148,-49.84048756144116,-49.54960378889442,-49.27022552709537,-49.00163552615865,-48.7431864439712,-48.494292094427145,-48.254420025746896,-48.02308519349484,-47.79984454012315,-47.584292329558934,-47.37605611408849,-47.17479323346207,-46.98018776415029,-46.79194785108112,-46.60980336576717,-46.43350384410355,-46.262816664739184,-46.097525435158786,-45.93742855773556,-45.78233795224538,-45.632077914841965,-45.48648409641573,-45.34540258570352,-45.20868908456957,-45.076208164608445,-44.94783259568421,-44.82344273826251,-44.70292599245049,-44.58617629756322,-44.47309367680979,-44.36358382235841,-44.25755771661328,-44.15493128603207,-44.055625084242706,-43.959564001591296,-43.866676998578455,-43.77689686092495,-43.69015997425593,-43.606406116611154,-43.5255782671796,-43.44762242982583,-43.372487470124234,-43.30012496474862,-43.23048906218169,-43.16353635381202,-43.099225754578654,-43.03751839240526,-42.97837750573906,-42.92176834857567,-42.86765810240908,-42.816015794599586,-42.76681222269899,-42.720019884316045,-42.67561291214301,-42.63356701379958,-42.59385941618164,-42.55646881403174,-42.52137532247352,-42.48856043327679,-42.45800697464175,-42.429699074310406,-42.403622125832435,-42.37976275782891,-42.358108806113606,-42.338649288546,-42.32137438250349,-42.30627540487356,-42.293344794477896,-42.2825760968525,-42.27396395131799,-42.26750408028471,-42.26319328074724,-42.26102941793211,-42.261011421071906,-42.26313928128804,-42.26741405157316,-42.27383784887322,-42.28241385827789,-42.29314633933705,-42.30604063453001,-42.32110317992329,-42.33834151806253,-42.357764313153545,-42.37938136859807,-42.40320364696024,-42.42924329245138,-42.45751365603226,-42.48802932324503,-42.52080614490053,-42.55586127076103,-42.59321318637454,-42.63288175323342,-42.67488825244865,-42.71925543215107,-42.76600755885254,-42.81517047302414,-42.866771649174424,-42.920840260739354,-42.97740725012753,-43.036505404298794,-43.09816943629297,-43.162436073168294,-43.22934415085626,-43.2989347164923,-43.37125113884056,-43.44633922749611,-43.524247361621356,-43.6050266290553,-43.68873097672612,-43.77541737340097,-43.86514598592326,-43.9579803702189,-44.053987678501876,-44.15323888427728,-44.25580902693123,-44.361777477914615,-44.471228230775004,-44.58425021757471,-44.70093765455712,-44.82139042029603,-44.94571446999143,-45.074022290069934,-45.20643339782042,-45.34307489145948,-45.48408205679425,-45.629599037551216,-45.77977957749531,-45.934787843702324,-46.09479934180759,-46.26000193577894,-46.43059698680942,-46.606800628362414,-46.788845197316355,-46.976980844653895,-47.17147735335775,-47.372626196282056,-47.58074287298104,-47.79616957207412,-48.01927821506393,-48.25047394906324,-48.49019917023138,-48.738938177659904,-48.99722258002946,-49.26563760597897,-49.54482950566814,-49.83551427802314,-50.13848801913955,-50.45463926712728,-50.78496382412182,-51.13058267690462,-51.49276382742892,-51.87294910372714,-52.272787380025335,-52.69417613725129,-53.1393140100668,-53.61076800096052,-54.11156056594923,-54.6452840672388,-55.21625360913124,-55.829714821466034,-56.49213214536081,-57.21159821554738,-57.998431024793106,-58.866072767601345,-59.83249401376598,-60.92248781984223,-62.17163018438739,-63.63361011496441,-65.39508907821386,-67.60983254807947,-70.59300152161808,-75.17655330362697,-85.49611524091628,-83.33786415458823,-74.46024533860628,-70.16366980060315,-67.30353405976285,-65.1572189173947,-63.43935478389951,-62.007630605201015,-60.78072949494744,-59.70779172305538,-58.7548792505979,-57.89821300425029,-57.12048373330995,-56.40869897168049,-55.75285723489677,-55.14509511624553,-54.5791182782822,-54.049809987550645,-53.55295460272111,-53.085037746372805,-52.64309897649458,-52.22462122927743,-51.82744654174759,-51.449710897110414,-51.089793211338154,-50.746274930701325,-50.41790769721572,-50.10358722279467,-49.802331994319545,-49.513265775862976,-49.235603123524,-48.96863731117011,-48.71173020108638,-48.46430369534738,-48.22583248088726,-47.99583784026776,-47.77388234569158,-47.55956528924479,-47.35251873013499,-47.15240406163175,-46.95890901786005,-46.77174505455591,-46.590645049131936,-46.415361274499645,-46.24566360850387,-46.08133794688723,-45.922184792688796,-45.76801799910037,-45.61866364622333,-45.473959035018666,-45.33375178412782,-45.19789901724597,-45.06626663041888,-44.93872863006465,-44.815166533736516,-44.69546882667675,-44.579530468097076,-44.46725244187836,-44.35854134703483,-44.253309023849866,-44.151472212076534,-44.05295223801723,-43.95767472766309,-43.86556934339271,-43.77656954200805,-43.690612352129925,-43.607638169188405,-43.52759056643228,-43.45041612054716,-43.37606425061792,-43.30448706930071,-43.23563924518468,-43.16947787542478,-43.10596236781858,-43.04505433157985,-42.98671747613459,-42.93091751732939,-42.877622090499926,-42.826800669899434,-42.77842449403395,-42.73246649649288,-42.688901241901895,-42.64770486665961,-42.6088550241506,-42.57233083415568,-42.538112836206764,-42.50618294665644,-42.476524419254886,-42.44912180904588,-42.423960939412424,-42.40102887211931,-42.38031388021511,-42.36180542367157,-42.34549412765074,-42.331371763304084,-42.31943123101881,-42.30966654603873,-42.302072826397136,-42.29664628311009,-42.293384212587924,-42.29228499123269,0.004483855948021186,c,-2,-2,-2,1.3527637979417624,1.5087949765949398,1.8675282077851154
-32.44450563028877,-32.4455902080231,-32.44884436454392,-32.45426971520104,-32.461868955813735,-32.471645868069714,-32.483605327115924,-32.4977533113733,-32.514096914617696,-32.53264436037882,-32.55340501871968,-32.57638942546963,-32.60160930399554,-32.62907758960766,-32.658808456709544,-32.69081734881477,-32.725121011568234,-32.761737528924975,-32.80068636265669,-32.84198839537456,-32.8856659772764,-32.931742976848774,-32.98024483577718,-33.03119862834476,-33.08463312562735,-33.14057886482472,-33.19906822410236,-33.26013550335611,-33.32381701135461,-33.390151159761345,-33.459178564590175,-33.53094215570652,-33.605487295051034,-33.6828619043351,-33.76311660303871,-33.846304857632084,-33.93248314304483,-34.02171111752153,-34.11405181213265,-34.20957183635646,-34.30834160131407,-34.4104355624288,-34.515932483495455,-34.62491572439052,-34.73747355493388,-34.853699497733174,-34.97369270320975,-35.09755836042863,-35.2254081478433,-35.357360728630894,-35.493542295948885,-35.6340871742062,-35.77913848333132,-35.92884887405963,-36.083381343484,-36.242910141550595,-36.407621780881485,-36.577716164321345,-36.7534078470049,-36.934927452609486,-37.122523266897616,-37.31646303580104,-37.51703600031683,-37.72455520658988,-37.939360137016415,-38.16181971736765,-38.39233576625367,-38.63134696731183,-38.879333462083586,-39.13682218365984,-39.40439307918584,-39.682686405055804,-39.972411324574054,-40.274356097419634,-40.58940022813549,-40.91852904366881,-41.26285130706171,-41.62362065914331,-42.00226193201172,-42.40040372602099,-42.819919129112264,-43.26297714961463,-43.7321084337279,-44.23029030985081,-44.761058408822976,-45.32865549404835,-45.93823345663246,-46.59613303076897,-47.31028012781289,-48.090762484549366,-48.95069501058332,-49.90756677496634,-50.98543207971875,-52.21867252097593,-53.65891157263461,-55.38890250141299,-57.55401481346746,-60.44748879325443,-64.82022754921543,-74.05375418283681,-75.01408699534798,-65.14062342515223,-60.640401134025424,-57.692543632537785,-55.49740934122422,-53.74846832389761,-52.29523988377154,-51.05258546302146,-49.96761867351924,-49.00522664277969,-48.140902264717724,-47.356861061866965,-46.63978715293119,-45.979451289351175,-45.367825004438586,-44.798491398543796,-44.26624080812357,-43.76678583530228,-43.29655580204061,-42.85254546185112,-42.4322016408655,-42.033336940038254,-41.65406309845929,-41.29273887604306,-40.94792881732588,-40.61837027922717,-40.30294681180859,-40.00066647753588,-39.71064404886849,-39.432086280384134,-39.16427963952859,-38.90658001939206,-38.65840406133603,-38.41922179436258,-38.18855035855181,-37.96594862649373,-37.75101257287068,-37.54337127073213,-37.342683415405716,-37.14863429478916,-36.96093313900438,-36.77931079385024,-36.60351767176137,-36.43332194152487,-36.26850792417773,-36.10887466758073,-35.954234676354616,-35.80441277734009,-35.65924510363972,-35.518578182722365,-35.382268116105955,-35.25017983985005,-35.12218645654049,-34.998168630681384,-34.87801404045834,-34.76161687973441,-34.64887740490828,-34.539701521925075,-34.434000409299884,-34.33169017350609,-34.232691533507555,-34.13692953158402,-34.04433326792261,-33.95483565672947,-33.86837320186297,-33.784885790205834,-33.704316501183925,-33.62661143100702,-33.551719530354646,-33.47959245436083,-33.41018442386779,-33.343452097021114,-33.27935445037085,-33.21785266872438,-33.158910043069895,-33.10249187595437,-33.04856539375849,-32.99709966536328,-32.948065526750625,-32.901435511121974,-32.857183784158444,-32.81528608407975,-32.775719666191385,-32.7384632516376,-32.70349698010413,-32.67080236623827,-32.64036225957546,-32.61216080778189,-32.58618342304049,-32.56241675142485,-32.54084864512138,-32.521468137374086,-32.50426542004043,-32.48923182365906,-32.47635979994211,-32.46564290661623,-32.45707579454708,-32.450654197091964,-32.44637492163562,-32.44423584327305,-32.44423590061278,-32.446375093682995,-32.450654483931544,-32.45707619632001,-32.46564342352048,-32.476360432232894,-32.48923257164936,-32.50426628410157,-32.52146911793652,-32.54084974267556,-32.56241796652222,-32.586184756294585,-32.61216225986965,-32.640363831238595,-32.67080405828483,-32.70349879341024,-32.738465187149274,-32.775721724926626,-32.815288267130754,-32.85718609269402,-32.90143794639018,-32.948068090081584,-32.99710235817227,-33.04856821754926,-33.10249483232273,-33.15891313370756,-33.21785589542315,-33.27935781502713,-33.34345560164074,-33.41018807057128,-33.47959624538903,-33.551723468074826,-33.62661551791945,-33.70432073992896,-33.784890183571655,-33.86837775279383,-33.95484036833474,-34.044338143486506,-34.136934574576145,-34.23269674759438,-34.33169556256345,-34.434005977426445,-34.53970727345714,-34.64888334443587,-34.76162301211881,-34.87802037085126,-34.99817516454601,-35.12219319967449,-35.25018679841088,-35.38227529663865,-35.518585592190206,-35.65925274945807,-35.80442066741377,-35.95424281911939,-36.108883072049366,-36.26851659999116,-36.43333089900937,-36.60352692199244,-36.779320348724205,-36.96094301131885,-37.148644498333695,-37.3426939650643,-37.54338218259935,-37.75102386438381,-37.96596031658349,-38.18856246781498,-38.4192343452604,-38.65841707842321,-38.90659352958213,-39.16429367240286,-39.432100868553036,-39.71065922839643,-40.00068228844338,-40.30296329866935,-40.61838749188226,-40.94794681174391,-41.29275771536357,-41.65408285426839,-42.03335769394112,-42.43222348644312,-42.852568507119386,-43.29658017257509,-43.76681167825707,-44.266268297470106,-44.79852074200263,-45.367856452805846,-45.97948514928632,-46.63982380487104,-47.35690098574699,-48.140946077973545,-49.00527515840663,-49.967672992394895,-51.0526471280009,-52.295311152816815,-53.74855269274343,-55.49751265032367,-57.69267676777366,-60.64058818839786,-65.14093756972879,-75.01506574683832,-74.05287672031287,-64.81992469327292,-60.44730584801491,-57.55388380985303,-55.38880051019,-53.658828109741165,-52.218601920946554,-50.985370935076574,-49.90751287703947,-48.95064684619091,-48.09071897174028,-47.31024046622898,-46.59609661173262,-45.938199806468006,-45.328624236911175,-44.76102924149821,-44.23026298417609,-43.73208274403051,-43.26295292353896,-42.819896220796004,-42.40038201093334,-42.00224130299059,-41.6236010233121,-41.26283258340131,-40.91851116108457,-40.589383123902856,-40.27433971592274,-39.972395616273474,-39.68267132563715,-39.40437858885267,-39.13680824654235,-38.879320045741025,-38.631334042311494,-38.39232330581269,-38.16180769704657,-37.939348534456066,-37.724544001284144,-37.51702517341577,-37.31645256993957,-37.12251314604589,-36.93491766194169,-36.753398372783906,-36.57770699379696,-36.40761290220035,-36.24290154367625,-36.083373016125734,-35.92884080760903,-35.77913066880543,-35.634079603196625,-35.49353496057604,-35.35735362150278,-35.22540126201827,-35.09755168938181,-34.97368624080252,-34.85369323818552,-34.73746749279924,-34.62490985453285,-34.5159268010684,-34.41043006285654,-34.30833628027387,-34.20956668976268,-34.11404683612212,-34.02170630843999,-33.93247849743458,-33.8463003722206,-33.76311227472809,-33.6828577301924,-33.605483272299324,-33.53093828171662,-33.45917483687299,-33.39014757596084,-33.32381356924123,-33.26013220082074,-33.19906505915072,-33.14057583557213,-33.08463023029396,-33.031195865251064,-32.98024220333986,-32.93174047357688,-32.8856636017678,-32.84198614631263,-32.80068423880732,-32.76173552913369,-32.72511913475767,-32.69081559398225,-32.658806822924895,-32.62907607601119,-32.60160790979617,-32.57638814994329,-32.55340386120773,-32.5326433202867,-32.51409599141369,-32.49775250458743,-32.48360463633902,-32.47164529295258,-32.46186849606643,-32.454269370592314,-32.448844134900725,-32.445590093230265,-32.44450563028877,0.004483855948021186,e,0,0,0,1.7867009814057768,1.8444087670372675,1.358538905334808
-48.568532828238354,-48.56959966742917,-48.57282655528509,-48.578215098270164,-48.585767981667296,-48.595488974937986,-48.60738293926296,-48.621455837295706,-48.63771474517071,-48.65616786681791,-48.67682455064541,-48.69969530866285,-48.72479183812964,-48.75212704582371,-48.78171507503943,-48.8135713354366,-48.84771253587723,-48.88415672040202,-48.922923307515454,-48.96403313296674,-49.007508496233214,-49.05337321093472,-49.10165265943103,-49.15237385187965,-49.20556549006026,-49.26125803630275,-49.319483787890206,-49.38027695734622,-49.443673759057695,-49.50971250273098,-49.578433694230704,-49.64988014440863,-49.724097086593474,-49.801132303485105,-49.88103626427626,-49.963862272915414,-50.049666628525614,-50.138508799107974,-50.230451609787394,-50.325561447003224,-50.42390848021235,-50.525566902858984,-50.63061519457819,-50.73913640684193,-50.85121847453372,-50.966954556254436,-51.08644340652542,-51.20978978347374,-51.337104896066535,-51.468506895519866,-51.604121416154186,-51.74408217172146,-51.88853161410617,-52.03762166232944,-52.19151451099008,-52.35038352869486,-52.514414258706246,-52.68380553602238,-52.858770737468745,-53.03953918420532,-53.22635771944148,-53.41949248823199,-53.6192309511666,-53.825884169768784,-54.03978940875422,-54.26131310930556,-54.49085429864021,-54.72884851495571,-54.97577234408794,-55.232148685906594,-55.49855289592812,-55.77561998263333,-56.06405308595424,-56.36463352065629,-56.67823274447015,-57.00582671123496,-57.34851320307265,-57.70753291572816,-58.08429531657779,-58.4804106332882,-58.89772980444271,-59.33839489526446,-59.80490345069086,-60.300191681226096,-60.82774350850502,-61.39173576042457,-61.99723492398596,-62.650469115945285,-63.359212655587356,-64.13334427493109,-64.98568246708699,-65.93328146880141,-66.99953089886952,-68.21774286911963,-69.63770312597202,-71.33871823814934,-73.45884783697133,-76.27263932482226,-80.46463051354289,-88.88223274041897,-92.81450610312389,-81.75529149371398,-77.04548903375655,-74.01002413691786,-71.76664799606272,-69.98708166971059,-68.51262563074009,-67.25434724082625,-66.15736634429118,-65.18542204836601,-64.31329953752406,-63.52275432610136,-62.80015858876993,-62.13506407349625,-61.519284047186325,-60.94628439960146,-60.41076681837059,-59.90837562530302,-59.43548670462265,-58.989052395128795,-58.56648543343353,-58.1655707136596,-57.78439722785144,-57.421304890131125,-57.074842501928494,-56.74373416958288,-56.426852213450914,-56.123195118679554,-55.831869442068765,-55.552074852735835,-55.283091677038215,-55.0242704609931,-54.77502317036162,-54.53481572946565,-54.30316166159224,-54.07961664145074,-53.86377380713735,-53.65525970802533,-53.45373078784294,-53.258870320343064,-53.07038572947083,-52.88800623759778,-52.71148079482616,-52.54057625004074,-52.375075730659944,-52.21477720319426,-52.05949219097636,-51.909044628957695,-51.76326983840659,-51.6220136068018,-51.48513136028016,-51.35248741773688,-51.22395431714871,-51.09941220593906,-50.97874828826804,-50.861856323038516,-50.74863616718826,-50.63899335950676,-50.53283874079245,-50.43008810666383,-50.33066188977028,-50.234484868522856,-50.141485899792386,-50.051597673307256,-49.96475648573251,-49.8809020326308,-49.79997721669819,-49.72192797083646,-49.646703094773876,-49.57425410407778,-49.50453509051983,-49.43750259285861,-49.373115477196556,-49.31133482615102,-49.25212383615221,-49.19544772224715,-49.14127362984745,-49.08957055291138,-49.04030925809913,-48.99346221448209,-48.94900352842636,-48.90690888330549,-48.867155483729306,-48.829722004004374,-48.79458854056806,-48.7617365681621,-48.73114889953331,-48.702809648469426,-48.67670419599641,-48.65281915958042,-48.63114236519383,-48.611662822118944,-48.59437070037675,-48.57925731068096,-48.56631508682953,-48.55553757045713,-48.546919398082665,-48.54045629039655,-48.53614504374193,-48.53398352375383,-48.53397066112919,-48.53610644951005,-48.54039194547102,-48.546829270610814,-48.5554216157568,-48.56617324730027,-48.57908951568916,-48.5941768661143,-48.61144285143471,-48.63089614739734,-48.652546570216835,-48.6764050965919,-48.70248388624563,-48.73079630708978,-48.76135696312535,-48.79418172520541,-48.82928776480098,-48.86669359092637,-48.90641909039745,-48.94848557161463,-48.992915812082735,-49.039734109901445,-49.08896633948426,-49.140640011789884,-49.194784339378934,-49.251430306640515,-49.3106107455682,-49.37236041750373,-49.4367161013093,-49.50371668847737,-49.57340328573924,-49.64581932579286,-49.721010686835996,-49.79902582166427,-49.879915897175884,-49.96373494521718,-50.05054002580703,-50.14039140389496,-50.233352740939594,-50.32949130274382,-50.42887818515133,-50.53158855940189,-50.63770193916057,-50.74730247148558,-50.8604792542838,-50.977326683129185,-51.09794483069397,-51.22243986247306,-51.35092449298006,-51.48351848716839,-51.62034921249923,-51.76155224785493,-51.90727205640321,-52.05766273057936,-52.21288881859997,-52.37312624339063,-52.53856332654621,-52.709401932003004,-52.88585874655554,-53.06816671728494,-53.25657666948793,-53.451359132943026,-53.65280640949399,-53.86123492119036,-54.07698788588041,-54.3004383765624,-54.53199283243333,-54.77209510403768,-55.021231133011426,-55.279934389697196,-55.54879222078556,-55.82845329601832,-56.1196363904529,-56.423140800379244,-56.739858771615054,-57.07079042547262,-57.41706180996928,-57.77994689589488,-58.16089459963589,-58.56156227748122,-58.98385764504657,-59.42999180015009,-59.902547076669094,-60.40456500381784,-60.939661972358465,-61.51218378909835,-62.12741594745151,-62.79187560207571,-63.51372657870275,-64.30338540732437,-65.17443468523331,-66.14505211969275,-67.24034962593916,-68.49642083088067,-69.96785460228881,-71.74302716388132,-73.97942599833644,-77.00209344135166,-81.68075892553803,-92.55108489764943,-89.05398462642664,-80.5293773611088,-76.31251947245892,-73.48765107496841,-71.36125133922589,-69.65620023510604,-68.23342342233158,-67.01313330833214,-65.94528671675815,-64.99642130880034,-64.14305389945534,-63.36806893494105,-62.65860606237013,-62.004756996585925,-61.39872595872974,-60.83426887282342,-60.306307136789634,-59.81065456004102,-59.34381987095796,-58.902861008448255,-58.48527571254344,-58.08891807574792,-57.711933996919285,-57.35271062156801,-57.00983628236258,-56.68206842711282,-56.36830769620222,-56.067576786720366,-55.779003080359175,-55.501804258432685,-55.23527630814929,-54.97878345849287,-54.73174968481504,-54.4936514976175,-54.26401178944911,-54.04239455895648,-53.8284003662377,-53.62166240118321,-53.42184306823765,-53.22863100831364,-53.04173849243259,-52.86089913281647,-52.68586586618298,-52.516409171348855,-52.35231548926411,-52.193385818549885,-52.039434463703486,-51.89028791652937,-51.745783854186286,-51.60577023960948,-51.47010451205791,-51.338652857216054,-51.211289547700424,-51.08789634602871,-50.968361963137426,-50.852581566413974,-50.74045633196193,-50.63189303646767,-50.526803684594526,-50.42510516831473,-50.326718955008154,-50.23157080152118,-50.13959049169617,-50.05071159515958,-49.964871245399074,-49.882009935372835,-49.80207132908166,-49.72500208769902,-49.65075170900023,-49.579272378960255,-49.510518834504175,-49.444448236495745,-49.381020052139434,-49.32019594605209,-49.26193967933212,-49.206217016018414,-49.15299563638872,-49.10224505659933,-49.053936554214125,-49.00804309921326,-48.96453929010977,-48.92340129483645,-48.884606796096875,-48.84813494090247,-48.81396629404335,-48.782082795264415,-48.75246771993959,-48.725105643056665,-48.69998240634398,-48.677085088386434,-48.65640197759424,-48.63792254790212,-48.62163743709039,-48.60753842763177,-48.595618429980014,-48.585871468227424,-48.578292668069395,-48.572878247024114,-48.56962550686568,-48.568532828238354,0.004483855948021186,c,-2,-2,-2,0.7724036099274705,1.696740434124567,1.1471259266028908
-34.717251464194874,-34.718336521011125,-34.72158493625823,-34.726998326382905,-34.734579387839666,-34.74433190248008,-34.756260745128166,-34.77037189337439,-34.786672439630095,-34.805170605494226,-34.82587575849455,-34.84879843127628,-34.873950343322456,-34.901344425302206,-34.930994846156054,-34.96291704304062,-34.997127754269954,-35.033645055406126,-35.0724883986686,-35.113678655850364,-35.15723816494848,-35.20319078073828,-35.251561929544344,-35.302378668486966,-35.35566974951147,-35.41146568853879,-35.469798840110364,-35.530703477938424,-35.594215881814804,-35.660374431378386,-35.729219707293055,-35.800794600446046,-35.87514442984105,-35.95231706993262,-36.03236308822913,-36.11533589408229,-36.2012918996828,-36.290290694396624,-36.382395233705616,-36.477672044162304,-36.57619144593457,-36.67802779470355,-36.783259744892234,-36.89197053644571,-37.004248307662635,-37.120186436896134,-37.239883916308536,-37.3634457612853,-37.490983459599285,-37.62261546497836,-37.758467740381015,-37.89867435704236,-38.04337815623674,-38.192731481737795,-38.34689699216999,-38.506048563875574,-38.67037229660942,-38.84006763637692,-39.015348632114026,-39.19644534575632,-39.38360543866158,-39.57709596146702,-39.77720537944548,-39.98424587148372,-40.19855594820909,-40.420503443884705,-40.65048894792311,-40.88894975581745,-41.13636443672065,-41.39325813682619,-41.660208765465505,-41.93785424624547,-42.22690106105902,-42.52813437377636,-42.842430097515916,-43.17076937111723,-43.51425604601435,-43.87413796736577,-44.2518330822668,-44.64896175152777,-45.06738712239149,-45.50926610259076,-45.977114462224414,-46.473891039253445,-47.003108197174214,-47.56897901304643,-48.176616903214196,-48.83231183615663,-49.54392134394318,-50.32143881973367,-51.177845265784356,-52.13043313306572,-53.20295584360502,-54.42931021629968,-55.86028526402957,-57.57706551918312,-59.721682177201664,-62.57879262360547,-66.868511616457,-75.7159815449138,-77.99065688073905,-67.62270383576195,-63.030870131571454,-60.044284013601406,-57.827680899773156,-56.06503648953223,-54.60226050659388,-53.35254195324856,-52.26211338883968,-51.29535371129683,-50.42744208519351,-49.64038989611641,-48.920742717945274,-48.25817397223486,-47.644584819631916,-47.07350622299535,-46.53968907500068,-46.038815591208845,-45.56729131010239,-45.12209210758038,-44.700649638673056,-44.30076417581458,-43.920537339077214,-43.55831950773446,-43.212668228524834,-42.882314971683,-42.56613830159684,-42.26314203188173,-41.97243729340138,-41.693227703214966,-41.42479701247473,-41.166498752151874,-40.917747501006616,-40.678011480100935,-40.446806239188604,-40.22368924736725,-40.00825523694474,-39.80013217811561,-39.59897778464168,-39.40447646868427,-39.21633667728962,-39.03428855457727,-38.858081883025115,-38.687484264846276,-38.52227951067111,-38.36226620785671,-38.20725644496655,-38.05707467246269,-37.91155668256909,-37.770548693703496,-37.63390652692343,-37.50149486355841,-37.37318657466079,-37.24886211414747,-37.128408968560215,-37.01172115727477,-36.89869877776155,-36.78924759116542,-36.683278644044584,-36.580707922603665,-36.48145603618499,-36.38544792715464,-36.2926126046446,-36.20288289989542,-36.11619524119195,-36.03248944660214,-35.95170853291975,-35.87379853938062,-35.798708364870194,-35.72638961747172,-35.65679647532102,-35.589885557836794,-35.52561580648759,-35.463948374338685,-35.40484652369485,-35.34827553122091,-35.294202599980295,-35.2425967778848,-35.19342888209571,-35.1466714289596,-35.10229856910033,-35.0602860273238,-35.02061104702356,-34.98325233880408,-34.94819003306473,-34.91540563631126,-34.88488199098336,-34.856603238607036,-34.83055478609879,-34.80672327506567,-34.785096553960756,-34.76566365296857,-34.74841476150809,-34.73334120825408,-34.720435443589196,-34.709691024410624,-34.701102601226,-34.694665907483,-34.69037775108753,-34.68823600807432,-34.68823961840315,-34.690388583863324,-34.69468396807707,-34.701127898602394,-34.70972357114381,-34.72047525588901,-34.733388305998005,-34.74846916828092,-34.76572539610974,-34.785165664619484,-34.8067997882641,-34.830638740803565,-34.85669467780939,-34.88498096178834,-34.915512190036246,-34.94830422534789,-34.98337422972308,-35.0207407012253,-35.060423514165514,-35.102443962803,-35.14682480877426,-35.193590332483524,-35.24276638871179,-35.2943804667278,-35.34846175521275,-35.40504121234256,-35.464151641406005,-35.52582777237579,-35.590106349892466,-35.657026228168036,-35.726628473369395,-35.79895647409992,-35.874056060663236,-35.95197563386642,-36.03276630420178,-36.116482042338376,-36.203179841957926,-36.29291989608618,-36.385765788202214,-36.481784699556876,-36.58104763429999,-36.68362966420687,-36.7896101950127,-36.899073256610954,-37.012107819655704,-37.12880814143234,-37.24927414423413,-37.373611829911,-37.501933734752335,-37.634359429438405,-37.77101606945995,-37.91203900217869,-38.05757243760415,-38.20777019101853,-38.362796506821624,-38.52282697442921,-38.68804954878543,-38.85866569009944,-39.03489163985671,-39.21695985307312,-39.405120610262514,-39.59964383681037,-39.80082116255999,-40.00896826063848,-40.22442751215743,-40.44757105277366,-40.67880426865119,-40.91856982373153,-41.16735231818524,-41.42568370053512,-41.69414958460679,-41.97339665906167,-42.264141424357284,-42.56718055307096,-42.88340324947885,-43.21380608992137,-43.55951096647936,-43.92178694672526,-44.30207712204145,-44.70203187613666,-45.12355050890829,-45.56883386746265,-46.040451673119456,-46.54142976127653,-47.07536474820945,-47.646577170200715,-48.26031970574335,-48.92306611195821,-49.64292159938262,-50.430221560157314,-51.298432971216805,-52.265562950571585,-53.35646079410115,-54.60679375958126,-56.070409422367355,-57.834271215356026,-60.05279944004839,-63.04289091120331,-67.64311750858579,-78.0581808525926,-75.66432928244475,-66.84983335243504,-62.56739557080824,-59.71348469126072,-57.5706673696253,-55.85504084614332,-54.42486887582156,-53.19910595443021,-52.12703718094269,-51.174808860647275,-50.31869437106983,-49.54141879296306,-48.83001307545112,-48.17449225306112,-47.567004907229276,-47.0012656121182,-46.47216439726801,-45.975490846917644,-45.50773468557416,-45.06593873648379,-44.647588567718934,-44.250528361575405,-43.87289586767715,-43.513071469901526,-43.16963784463525,-42.841347672700884,-42.52709754949544,-42.22590671821728,-41.936899594334164,-41.65929129815034,-41.39237559480111,-41.135514776446115,-40.888131123059196,-40.649699655233306,-40.4197419513412,-40.197820846863195,-39.983535869072135,-39.77651928800475,-39.57643268655457,-39.38296396993987,-39.1958247487383,-39.01474804090252,-38.839486247257774,-38.66980936238089,-38.50550338881493,-38.34636892755336,-38.192219921842174,-38.04288253476315,-37.898194143908434,-37.758002438838176,-37.622164609015144,-37.490546611597615,-37.36302250990084,-37.23947387455009,-37.11978924038229,-37.00386361303651,-36.891598019931074,-36.78289910097646,-36.67767873493429,-36.575853697818864,-36.47734535015801,-36.38207935029622,-36.289985391241544,-36.200996958836,-36.11505110927314,-36.03208826419965,-35.95205202182632,-35.874888982638666,-35.80054858844436,-35.72898297362293,-35.66014682755898,-35.59399726734092,-35.53049371989832,-35.46959781283175,-35.41127327326075,-35.3554858340804,-35.30220314707472,-35.251394702387074,-35.20303175389438,-35.15708725007447,-35.113535769993376,-35.07235346407449,-35.03351799934217,-34.99700850886122,-34.962805545119224,-34.93089103712263,-34.901248250998805,-34.87386175391632,-34.84871738115405,-34.82580220616623,-34.80510451350661,-34.78661377448924,-34.770320625476735,-34.75621684870006,-34.74429535552544,-34.734550172095496,-34.72697642728252,-34.72157034290205,-34.7183292261448,-34.717251464194874,0.004483855948021186,e,0,0,0,1.097629723360043,1.13569219892377,1.9170573501781263
-41.66859458399269,-41.669686300412216,-41.67294024603617,-41.6783580404097,-41.68594238274587,-41.695697057317986,-41.707626941036594,-41.72173801324348,-41.73803736776446,-41.75653322727294,-41.7772349600262,-41.800153099047506,-41.82529936383823,-41.85268668471602,-41.88232922988821,-41.91424243538268,-41.948443037973384,-41.98494911125282,-42.023780105021316,-42.06495688818045,-42.1085017953384,-42.154438677356374,-42.20279295608873,-42.253591683595566,-42.306863606134726,-42.36263923327155,-42.420950912478844,-42.48183290963806,-42.54532149589429,-42.611455041364856,-42.68027411625276,-42.751821599974505,-42.826142798975965,-42.90328557398202,-42.983300477506916,-43.066240902541885,-43.152163243439155,-43.241127070125486,-43.33319531690769,-43.42843448727891,-43.52691487629923,-43.62871081231275,-43.73390091997607,-43.84256840681723,-43.95480137582144,-44.07069316685941,-44.190342730138596,-44.31385503527892,-44.44134152009943,-44.57292058376326,-44.708718129579495,-44.84886816351662,-44.99351345536561,-45.14280627052294,-45.29690918157606,-45.455995970301075,-45.62025263236859,-45.789878499053344,-45.96508749262299,-46.14610953492524,-46.33319213210359,-46.52660216248244,-46.72662789963641,-46.93358130870636,-47.147800661415204,-47.369653524312184,-47.599540185983386,-47.83789760288731,-48.08520396086997,-48.34198397129185,-48.60881504839985,-48.88633454990697,-49.17524830814788,-49.476340738012475,-49.79048688476195,-50.118666876296146,-50.461983379660246,-50.82168284373542,-51.199181558320106,-51.59609790244644,-52.014292634179505,-52.455919754966175,-52.92349146433779,-53.419962164942014,-53.94883864250115,-54.514326861760686,-55.12153102677055,-55.77672895839419,-56.487761837223225,-57.2646005124471,-58.12019401441793,-59.071787893598014,-60.143063882293156,-61.367803454506024,-62.79659743407821,-64.51025867774499,-66.65003022867752,-69.49855452389608,-73.76879715178882,-82.52856581263389,-85.12311849663396,-74.62765771202449,-70.01322297483681,-67.01719133330954,-64.79538962683367,-63.02944728611373,-61.56438731401505,-60.31298936156382,-59.22127087439546,-58.25348688686384,-57.38474020669131,-56.59699258802655,-55.876755948486576,-55.213680081029125,-54.59964907080865,-54.028181234813374,-53.49401790144392,-52.992833919587554,-52.521029062446594,-52.07557462993268,-51.65389859930747,-51.253798253875324,-50.87337275969919,-50.5109704629576,-50.16514721205097,-49.83463304780253,-49.51830532322941,-49.2151668188609,-48.9243277793934,-48.6449910576658,-48.37643974250877,-48.11802678824937,-47.86916626946048,-47.62932596462559,-47.39802103357114,-47.174808600677366,-46.95928309252903,-46.75107220737223,-46.54983341639025,-46.35525091480096,-46.16703295516161,-45.98490950683712,-45.80863019494939,-45.63796247974123,-45.472690043516984,-45.312611357440645,-45.15753840469931,-45.007295540045675,-44.86171846865403,-44.720653329667066,-44.58395587186206,-44.45149071059429,-44.32313065663794,-44.1987561087863,-44.07825450313044,-43.96151981283878,-43.84845209303403,-43.738957066029364,-43.63294574275912,-43.53033407673493,-43.43104264728765,-43.334996369228605,-43.24212422638865,-43.15235902677718,-43.06563717735153,-42.981898476604876,-42.901085923371866,-42.82314554042038,-42.7480262115456,-42.67567953101502,-42.60605966432892,-42.53912321936474,-42.47482912706567,-42.413138530915745,-42.3540146845172,-42.29742285665107,-42.243330243261084,-42.191705885853416,-42.14252059585207,-42.095746884493074,-42.05135889787839,-42.00933235684607,-41.96964450134436,-41.93227403902643,-41.89720109780856,-41.86440718215826,-41.83387513290099,-41.805589090353976,-41.77953446061376,-41.75569788484185,-41.73406721140766,-41.71463147076321,-41.69738085293715,-41.68230668754895,-41.669401426255384,-41.65865862755329,-41.650072943873056,-41.64364011090757,-41.63935693913107,-41.63722130747213,-41.63723215911381,-41.639389499403485,-41.643694395863484,-41.650148980302404,-41.658756453036354,-41.669521089237534,-41.68244824743729,-41.69754438021944,-41.714817047149666,-41.73427492999611,-41.75592785030703,-41.779786789421685,-41.805863911002035,-41.83417258618516,-41.864727421468395,-41.897544289453286,-41.932640362588955,-41.970034150071015,-42.009745538069296,-42.05179583347633,-42.09620781138785,-42.143005766549386,-42.19221556902606,-42.24386472437946,-42.297982438663944,-42.35459968858643,-42.41374929720887,-42.47546601561079,-42.53978661097279,-42.606749961588335,-42.67639715936503,-42.74877162043455,-42.82391920455648,-42.901888344074294,-42.98273018326414,-43.06649872900916,-43.1532510138355,-43.2430472724632,-43.33595113315657,-43.43202982530782,-43.53135440485608,-43.633999999336055,-43.7400460745681,-43.84957672525016,-43.96268099199638,-44.079453207692126,-44.199993376409296,-44.32440758855543,-44.452808476426995,-44.585315714910905,-44.722056572745295,-44.86316652052534,-45.008789902544954,-45.15908068062405,-45.31420325931457,-45.47433340334369,-45.639659259884425,-45.81038250029888,-45.986719598446726,-46.16890326557733,-46.3571840653365,-46.55183223665385,-46.75313975740569,-46.96142268798913,-47.17702384157481,-47.40031583718712,-47.63170460335579,-47.87163341449832,-48.12058756022335,-48.37909977044543,-48.64775654797596,-48.92720559699781,-49.21816458311107,-49.52143152198378,-49.8378971739427,-50.16855992795125,-50.51454380006906,-50.87712036264483,-51.25773568152389,-51.658043699567116,-52.07994801103997,-52.525654692180666,-52.99773989646904,-53.499237460759794,-54.033754080834555,-54.60562317091768,-55.220114128262274,-55.88372281537414,-56.604584292516115,-57.39307526076586,-58.26272154536223,-59.23161706300603,-60.32474468434104,-61.577988428251984,-63.04557250858129,-64.8151775889304,-67.04277923111346,-70.04939653174834,-74.68930755710929,-85.33129605897507,-82.37731692351855,-73.71333930772286,-69.46461224506375,-66.62558488100132,-64.49116553994284,-62.78094046534431,-61.35454030163458,-60.13156478041377,-59.06164329895631,-58.11112264633023,-57.256400857113334,-56.48028459267899,-55.76986043211544,-55.11518264646581,-54.50842828349191,-53.94333307069584,-53.41480308381306,-52.91864029897952,-52.451344161894795,-52.00996522842617,-51.59199529392289,-51.19528361146533,-50.81797210111027,-50.45844460777193,-50.11528670381507,-49.78725351145904,-49.47324369845262,-49.172278278226884,-48.88348318723778,-48.60607485968174,-48.33934820136836,-48.08266649935484,-47.83545290512326,-47.59718320577247,-47.3673796563756,-47.145605691941874,-46.93146137266341,-46.72457944376225,-46.52462191307865,-46.33127706689834,-46.14425685840628,-45.963294614339645,-45.788143014469334,-45.618572305914554,-45.45436872033083,-45.29533306697619,-45.141279478762826,-44.992034291806334,-44.84743504182353,-44.70732956310485,-44.57157517778416,-44.440037964811545,-44.31259209946005,-44.18911925540711,-44.069508062462376,-43.95365361389537,-43.84145701807152,-43.73282498975533,-43.62766947699917,-43.52590732002127,-43.427459938895716,-43.332253047243,-43.24021638942697,-43.15128349904238,-43.0653914767198,-42.98248078548846,-42.90249506212458,-42.82538094307829,-42.7510879037182,-42.67956810976126,-42.61077627987046,-42.5446695585042,-42.48120739819168,-42.42035145048916,-42.36206546494409,-42.306315195458374,-42.25306831349977,-42.20229432766253,-42.15396450912464,-42.108051822591584,-42.06453086235416,-42.02337779312245,-41.98457029532933,-41.94808751462502,-41.91391001531032,-41.88201973747944,-41.85239995766513,-41.825035252798756,-41.79991146731567,-41.777015683253865,-41.75633619320875,-41.7378624760219,-41.721585175095,-41.70749607923276,-41.69558810593089,-41.68585528703617,-41.678292756716644,-41.6728967416902,-41.66966455366973,-41.66859458399269,0.004483855948021186,c,-2,-2,-2,1.2822347754445513,1.9027607487426583,1.6020830579894756
-35.892108376854296,-35.893192715096205,-35.89643802838388,-35.90184593194688,-35.909419120033895,-35.91916137129231,-35.93107755632991,-35.945173647490925,-35.961456730888194,-35.97993502074332,-36.00061787609654,-36.023515819959464,-36.04864056099439,-36.076005017816485,-36.10562334602737,-36.13751096810244,-36.17168460626856,-36.20816231852456,-36.24696353797349,-36.28810911565428,-36.331621367079556,-36.377524122708785,-36.425842782608655,-36.47660437557908,-36.52983762305092,-36.58557300809336,-36.64384284990258,-36.70468138418174,-36.768124849864265,-36.83421158267879,-36.902982116106344,-36.97447929033756,-37.04874836990242,-37.12583717071668,-37.20579619736981,-37.28867879156935,-37.37454129275828,-37.46344321203591,-37.55544742064215,-37.65062035441014,-37.74903223575754,-37.85075731497404,-37.95587413277529,-38.06446580633662,-38.17662034129688,-38.29243097254045,-38.41199653692973,-38.53542188157989,-38.662818311751224,-38.794304082993584,-38.93000494282647,-39.07005472799214,-39.214596024199174,-39.3637808963032,-39.517771698078946,-39.67674197216054,-39.84087745240651,-40.01037718293884,-40.18545477047583,-40.36633978941136,-40.553279362491246,-40.74653994403069,-40.946409337570856,-41.15319898589459,-41.36724657867947,-41.58891903210224,-41.81861590586594,-42.05677333697708,-42.3038685869118,-42.56042532057912,-42.82701976304838,-43.104287915151254,-43.39293405422702,-43.69374080478255,-44.00758114029382,-44.33543277822923,-44.67839556474917,-45.03771262651367,-45.41479631361773,-45.81126029790824,-46.22895966683069,-46.670041528563345,-47.13700961906121,-47.632807833654816,-48.16092975130918,-48.7255645051276,-49.331794508448645,-49.98586886207946,-50.69559010649263,-51.470875844691825,-52.32459963538341,-53.273896387275066,-54.342278836243295,-55.56325679513303,-56.98695484765502,-58.69331283169065,-60.821726626938386,-63.65013298400753,-67.87491455879838,-76.43385392254005,-79.79489241538727,-68.9825737707997,-64.31365678652887,-61.295028297407306,-59.060849446149874,-57.28708792231604,-55.81663524841508,-54.56128940329422,-53.466552788307155,-52.496384213760805,-51.62570403432791,-50.83635548868454,-50.11477016669416,-49.45054148820334,-48.83551281104281,-48.263172295846395,-47.72823846573941,-47.22636860486374,-46.75394873931318,-46.307939256360804,-45.88575936088435,-45.48519920434537,-45.104352095552265,-44.74156152583747,-44.39537928587129,-44.06453199903538,-43.74789411998803,-43.44446595530311,-43.15335562543713,-42.87376414925116,-42.60497302413456,-42.34633381689882,-42.09725938706288,-41.85721644470302,-41.625719206570686,-41.40232396159973,-41.18662439377013,-40.97824753914898,-40.77685027668935,-40.582116270445574,-40.39375329531417,-40.21149089003406,-40.03507829058257,-39.86428260475334,-39.69888719495741,-39.538690241428526,-39.38350346225817,-39.23315097020539,-39.087468249158746,-38.94630123557963,-38.80950549231539,-38.67694546390576,-38.54849380397426,-38.42403076654168,-38.3034436541599,-38.18662631667065,-38.07347869517018,-37.96390640642866,-37.85782036358797,-37.75513642945909,-37.6557750991708,-37.55966120929573,-37.46672367090591,-37.37689522429407,-37.29011221334635,-37.20631437776997,-37.12544466157161,-37.047449036350976,-36.97227633812329,-36.89987811651635,-36.830208495304525,-36.76322404334599,-36.69888365508158,-36.63714843983606,-36.57798161923609,-36.52134843212443,-36.46721604640941,-36.415553477341064,-36.36633151175295,-36.31952263785172,-36.27510098017479,-36.23304223937203,-36.193323636498256,-36.15592386153298,-36.120823025869555,-36.088002618539846,-36.05744546596264,-36.02913569502388,-36.00305869931527,-35.97920110837494,-35.957550759789484,-35.93809667403126,-35.92082903191872,-35.90573915459993,-35.892819485971586,-35.882063577457366,-35.873466075079676,-35.86702270876963,-35.86273028386959,-35.860586674792316,-35.860590820809826,-35.86274272395427,-35.867043449021956,-35.87349512568058,-35.88210095268846,-35.892865204243684,-35.90579323848985,-35.92089150821461,-35.938167573786586,-35.95763011838601,-35.97928896559483,-36.003155099422735,-36.02924068685671,-36.05755910303399,-36.08812495915075,-36.120954133232715,-36.15606380390835,-36.193472487341054,-36.23320007749395,-36.275267889919064,-36.31969870928301,-36.366516840862985,-36.415748166270866,-36.46742020368964,-36.52156217293474,-36.5782050656851,-36.63738172126332,-36.699126908383356,-36.76347741332668,-36.83047213505566,-36.90015218782556,-36.97256101191576,-37.04774449316596,-37.125751092077344,-37.20663198332013,-37.290441206582045,-37.37723582979543,-37.467076125897954,-37.56002576441379,-37.656152019291255,-37.755525994602024,-37.858222869898846,-37.96432216724747,-38.07390804219706,-38.1870696012384,-38.30390124862524,-38.42450306580827,-38.548981227162756,-38.67744845618782,-38.810024526931144,-38.94683681606084,-39.08802091178303,-39.23372128671081,-39.384092042851634,-39.539297738126905,-39.69951430530622,-39.864930075975046,-40.03574692421541,-40.21218154713232,-40.39446690229316,-40.58285382566966,-40.77761285791876,-40.97903631198336,-41.18744062125302,-41.40316901518054,-41.62659457866103,-41.858123763113674,-42.098200431669575,-42.34731053896258,-42.605987568800614,-42.87481888187486,-43.154453162545245,-43.44560920120554,-43.74908631032392,-44.065776752891274,-44.396680668579194,-44.74292412519081,-45.10578111503336,-45.48670057813332,-45.88733989704864,-46.30960681695653,-46.75571246940944,-47.22823922737597,-47.73022866613693,-48.26529723174515,-48.83779079870991,-49.45299494517265,-50.11742693439204,-50.839250735026965,-51.628883070806054,-52.49990681057415,-53.470500057256146,-54.565775329687725,-55.821827228722434,-57.293246309262145,-59.06841200560544,-61.304818774282744,-64.32752752566937,-69.00633927621831,-79.87770238764126,-76.37806985040194,-67.85405680902775,-63.63731107169882,-60.81247458739806,-58.686078890260546,-56.98101891394294,-55.558226218694706,-54.3379160124957,-53.270046622042074,-52.32115658989997,-51.46776328402815,-50.69275151675459,-49.98326118859583,-49.329384196524714,-48.72332489694088,-48.15883931726954,-47.63084893656938,-47.13516762944009,-46.668304177779554,-46.22731656531235,-45.809702570289446,-45.413316318356145,-45.03630373754726,-44.67705199941784,-44.33414946017627,-44.00635358914779,-43.692565046578515,-43.39180654805816,-43.10320549264559,-42.825979578070836,-42.559424807153704,-42.302905423803125,-42.055845417705555,-41.81772131318617,-41.58805601617075,-41.366413538290004,-41.15239445227796,-40.94563196035021,-40.74578847899723,-40.55255266092452,-40.36563678871587,-40.18477448594419,-40.00971870048291,-39.84023992212318,-39.676124602620064,-39.51717375124068,-39.363201682978165,-39.21403489999035,-39.069511089653744,-38.9294782249915,-38.79379375522597,-38.66232387588504,-38.5349428693128,-38.41153250764228,-38.29198151131653,-38.1761850571236,-38.06404433046472,-37.955466117223416,-37.85036243116218,-37.74865017325671,-37.65025081979688,-37.555090136447724,-37.463097915781105,-37.37420773606597,-37.28835673934751,-37.20548542705872,-37.12553747159467,-37.04845954244485,-36.97420114562474,-36.90271447527599,-36.833954276419625,-36.76787771794715,-36.70444427502554,-36.64361562017187,-36.58535552232577,-36.52962975331159,-36.4764060011405,-36.425653789653865,-36.37734440405639,-36.33145082192908,-36.287947649350365,-36.24681106178788,-36.20801874945459,-36.17154986685131,-36.137384986243404,-36.10550605484305,-36.075896355489945,-36.04854047064327,-36.02342424951566,-36.00053477819714,-35.979860352632244,-35.96139045432806,-35.9451157286848,-35.93102796585261,-35.91912008403088,-35.90938611513709,-35.90182119278339,-35.89642154250909,-35.893184474227425,-35.892108376854296,0.004483855948021186,e,0,0,0,0.8419873624728944,1.5495975147511956,1.3353560610034436
-55.33835365812341,-55.33944835661676,-55.34270373006712,-55.348121399813365,-55.355704066827855,-55.365455517109595,-55.377380629260955,-55.391485384280124,-55.40777687761139,-55.42626333350477,-55.44695412174744,-55.46985977683953,-55.494992019698714,-55.52236378198968,-55.551989233187264,-55.58388381049578,-55.61806425176133,-55.654548631529735,-55.69335640041933,-55.73450842799633,-55.77802704936019,-55.82393611566792,-55.872261048850035,-55.923028900796695,-55.97626841732066,-56.03201010723525,-56.09028631691976,-56.15113131078269,-56.214581358075584,-56.28067482655641,-56.349452283553816,-56.4209566050413,-56.495233093394226,-56.57232960457543,-56.65229668557528,-56.73518772302245,-56.82105910398371,-56.90997039008511,-57.001984506216,-57.09716794522373,-57.19559099017148,-57.29732795591988,-57.40245745200602,-57.51106266903693,-57.62323169109236,-57.73905783694972,-57.858640033309555,-57.98208322361972,-58.10949881658131,-58.24100517897988,-58.37672817813568,-58.51680178002219,-58.661368709984885,-58.810581184022666,-58.96460171980628,-59.12360403803258,-59.28777406639897,-59.45731106047866,-59.632428858155166,-59.8133572871143,-60.000343748299365,-60.19365500233975,-60.393579190931945,-60.60042813119064,-60.814539928368745,-61.036281961408164,-61.26605430697588,-61.50429368154123,-61.75147799841912,-62.008131658548365,-62.27483172143066,-62.55221513792739,-62.84098727193999,-63.14193199672974,-63.45592372839687,-63.78394186031179,-64.1270881972475,-64.48660816975132,-64.86391685703367,-65.26063118853993,-65.67861017268072,-66.12000568038916,-66.58732729145585,-67.08352615197197,-67.61210494985367,-68.17726442221444,-68.78410199954787,-69.43888656864304,-70.14944728239571,-70.9257384062793,-71.7806854523643,-72.73149947591166,-73.8018094939303,-75.0253121945872,-76.45245279517465,-78.16377129009402,-80.29993274649735,-83.14210462254557,-87.39803732797068,-96.09419763313745,-98.9258582701988,-88.33403814942241,-83.70273394071141,-80.69964621920774,-78.47394501848876,-76.70551345664788,-75.23871585271479,-73.98602814928927,-72.89330832940018,-71.92471966759415,-71.05530843551958,-70.26699965643655,-69.54628035076217,-68.88278283977851,-68.26837858818729,-67.69657657095297,-67.1621110547086,-66.66065145240795,-66.18859328586785,-65.74290448319717,-65.32101031406731,-64.92070586335441,-64.54008849429312,-64.17750506136096,-63.83151016866377,-63.50083281145368,-63.18434945827111,-62.881062136866376,-62.59008044766266,-62.310606689268255,-62.04192347150315,-61.783383332910574,-61.5343999857322,-61.29444089155265,-61.06302093210881,-60.839696986999165,-60.62406326673848,-60.41574727835506,-60.21440632340927,-60.019724446328766,-59.83140976536078,-59.64919213002821,-59.47282105835087,-59.302063914719824,-59.13670429554915,-58.976540594955225,-58.821384726945574,-58.67106098410977,-58.52540501572904,-58.38426291066716,-58.24749037245837,-58.114951975739935,-57.98652049464031,-57.86207629497738,-57.74150678317927,-57.62470590574465,-57.5115736938342,-57.40201584825112,-57.29594336064217,-57.19327216724743,-57.093922831956114,-56.99782025579998,-56.90489341034053,-56.815075092690684,-56.72830170015948,-56.644513022726706,-56.56365205174586,-56.48566480344197,-56.410500155920424,-56.33810969853393,-56.268447592571945,-56.20147044233992,-56.13713717578841,-56.07540893393369,-56.01624896838514,-55.95962254636028,-55.905496862626705,-55.85384095786342,-55.80462564298112,-55.757823428984146,-55.71340846199496,-55.67135646309729,-55.63164467268564,-55.59425179903763,-55.559157970851686,-55.526344693516705,-55.495794808902026,-55.467492458476116,-55.44142304958073,-55.41757322470446,-55.395930833615196,-55.376484908225486,-55.35922564007883,-55.344144360357035,-55.331233522321384,-55.32048668611107,-55.31189850583366,-55.30546471889198,-55.301182137502266,-55.299048642367275,-55.299063178477965,-55.30122575302575,-55.305537435416774,-55.31200035938806,-55.3206177272346,-55.33139381616515,-55.34433398681359,-55.35944469394184,-55.376733499380215,-55.39620908726035,-55.41788128160648,-55.44176106636159,-55.467860607935975,-55.49619328037803,-55.5267736932797,-55.55961772254256,-55.594742544145255,-55.632166671068774,-55.671909993552745,-55.71399382287491,-55.758440938865505,-55.80527564139027,-55.854523806060115,-55.90621294445101,-55.960372269147,-56.01703276395077,-56.07622725964116,-56.137990515695535,-56.202359308438155,-56.26937252612272,-56.33907127151047,-56.411498972563834,-56.486701501941496,-56.56472730605394,-56.64562754452098,-56.729456240964915,-56.8162704461768,-56.906130414809894,-56.99909979688671,-57.09524584555468,-57.19463964269464,-57.29735634417829,-57.40347544678887,-57.51308107906801,-57.626262318636854,-57.74311353886456,-57.863734788132106,-57.988232205369755,-58.116718476043594,-58.24931333334195,-58.38614410997949,-58.52734634681358,-58.67306446537347,-58.823452512463625,-58.97867498624814,-59.138907754690635,-59.304339078958826,-59.47517075646206,-59.65161940064105,-59.83391787756069,-60.022316922876215,-60.217086966985356,-60.41852020131894,-60.62693292497501,-60.84266821854975,-61.066099001418934,-61.29763154034496,-61.53770949173116,-61.78681857791817,-62.04549202067064,-62.31431688384739,-62.59394151408293,-62.88508431571139,-63.18854415767458,-63.505212790680055,-63.83608975929234,-64.18230043570992,-64.54511799372992,-64.92599040327303,-65.32657388806767,-65.74877479712785,-66.19480256405014,-66.6672374753713,-67.16911851307275,-67.70405885853079,-68.27640021715922,-68.89142275621957,-69.55563658573926,-70.27719601484232,-71.0665043968559,-71.93712554617835,-72.9072094451744,-74.00182530287739,-75.25699736033877,-76.72719373091508,-78.50056018394113,-80.73408287421721,-83.75146835890163,-88.41730237450484,-99.21106944911747,-95.89400774256691,-87.32396315776157,-83.0966737095591,-80.26718233707089,-78.13817740332803,-76.43145732489369,-75.0075220111293,-73.78638229282538,-72.71788720913659,-71.76851156270685,-70.91473303811824,-70.13941044887262,-69.42966594949155,-68.77557890896509,-68.16934458635839,-67.60471224263344,-67.07659821906601,-66.58081241838916,-66.11386050309125,-65.67279797245862,-65.25512060114534,-64.85868088073212,-64.4816233929687,-64.12233418993969,-63.77940068910522,-63.45157956647689,-63.137770807095485,-62.83699654806941,-62.548383689803224,-62.271149497728814,-62.004589597895425,-61.748067904197335,-61.50100811590576,-61.262886500652236,-61.033225736532614,-60.811589632172975,-60.59757857875216,-60.39082561554358,-60.19099301231333,-59.99776928922895,-59.81086660879173,-59.630018485466955,-59.45497776772365,-59.28551485455576,-59.12141611458012,-58.96248248076178,-58.808528197911336,-58.65937970349812,-58.51487462515598,-58.37486088063017,-58.239195867906155,-58.107745734941815,-57.98038471984735,-57.85699455356457,-57.73746391812716,-57.62168795446361,-57.50956781445816,-57.40101025263488,-57.29592725338858,-57.194235690170395,-57.0958570134554,-57.00071696468346,-56.90874531368286,-56.81987561736304,-56.73404499770591,-56.65119393729783,-56.57126609083207,-56.49420811117615,-56.41996948874446,-56.34850240304524,-56.279761585385316,-56.21370419181758,-56.150289685506166,-56.089479727765294,-56.0312380770991,-55.9755304956345,-55.92232466239666,-55.87159009292856,-55.82329806480246,-55.777421548613695,-55.733935144084526,-55.692815020940586,-55.65403886425345,-55.6175858239713,-55.583436468385244,-55.55157274130284,-55.52197792272126,-55.49463659281316,-55.46953459905577,-55.44665902635127,-55.42599817000131,-55.40754151141389,-55.3912796964336,-55.37720451619944,-55.365308890446016,-55.355586853175495,-55.34803354063833,-55.34264518157101,-55.33941908964907,-55.33835365812341,0.004483855948021186,c,-2,-2,-2,0.7382022966290172,0.8734092554633471,1.200596478226742
-36.42369107615329,-36.42477213061044,-36.42801724393389,-36.43342803094281,-36.44100718682009,-36.4507584925006,-36.46268682224704,-36.476798153445735,-36.493099578664186,-36.511599320022455,-36.53230674594029,-36.555232390333316,-36.58038797434233,-36.60778643069218,-36.6374419307893,-36.66936991468038,-36.70358712400943,-36.74011163812611,-36.77896291351481,-36.820161826732715,-36.863730721064535,-36.90969345712345,-36.95807546765144,-37.00890381679801,-37.06220726418485,-37.11801633409513,-37.17636339016081,-37.23728271595921,-37.30081060197258,-37.36698543941087,-37.43584782145038,-37.50744065249836,-37.581809266158686,-37.659001552645684,-37.7390680964742,-37.82206232534448,-37.90804067124272,-37.99706274489237,-38.08919152482134,-38.184493562456296,-38.28303920482094,-38.38490283660363,-38.49016314357356,-38.59890339956873,-38.71121177955766,-38.82718170159623,-38.94691220086702,-39.07050833941058,-39.19808165564413,-39.3297506583258,-39.465641370274994,-39.605887927918225,-39.750633243614814,-39.90002973875255,-40.054240156818764,-40.213438467083776,-40.37781087122464,-40.54755692722314,-40.72289080725895,-40.90404270917131,-41.0912604444855,-41.28481123012352,-41.484983715909934,-41.69209028605245,-41.906469680193226,-42.1284899887364,-42.35855208840757,-42.597093597976595,-42.84459345153894,-43.101577208718425,-43.368623248971005,-43.646370032652655,-43.935524657122116,-44.236872995255816,-44.55129178102203,-44.87976310872824,-45.22339194846866,-45.58342746342749,-45.96128916433091,-46.35859928095827,-46.77722321291505,-47.219320606977924,-47.68741059754892,-48.18445620093697,-48.713975034609604,-49.28018687458795,-49.888213813963354,-50.5443572630508,-51.25649015675873,-52.03462712745939,-52.89177930529759,-53.84528334941702,-54.918960281890676,-56.146815740997894,-57.579825841886255,-59.29952632673263,-61.44869415559754,-64.3138974590417,-68.62205913179582,-77.55370538990952,-79.52946186391762,-69.2779626884142,-64.70711728840624,-61.72932445324535,-59.51756065520022,-57.7579823301057,-56.29732530504911,-55.049160502630556,-53.95992138098365,-52.99410260183437,-52.126954734516424,-51.34053559911444,-50.62142227054032,-49.95931029378691,-49.34611682258138,-48.775384667810556,-48.24187368583901,-47.74127299854409,-47.269993551231494,-46.825015512819135,-46.403773990021534,-46.00407206183942,-45.62401365354515,-45.26195105519973,-44.91644341061307,-44.586223535039,-44.27017113350278,-43.967290993122035,-43.67669508051648,-43.397587734154186,-43.12925333103617,-42.871045947624104,-42.62238064020043,-42.38272604954821,-42.15159809573697,-41.928554575749274,-41.713190513173174,-41.505134137771165,-41.30404339528974,-41.10960290579223,-40.921521303125736,-40.73952889965923,-40.56337562975777,-40.39282923304644,-40.227673644724305,-40.06770756529061,-39.91274318625792,-39.762605051921845,-39.61712904016838,-39.476161447735166,-39.33955816738813,-39.207183946199095,-39.07891171556815,-38.9546219848725,-38.8342022916781,-38.71754670235101,-38.60455535767754,-38.49513405876578,-38.3891938890731,-38.286650868898576,-38.18742563910768,-38.09144317122885,-37.99863250138571,-37.90892648581163,-37.8222615759413,-37.73857761129065,-37.657817628527965,-37.579927685306686,-37.504856697579136,-37.43255628924152,-37.36298065307685,-37.29608642206583,-37.23183255022735,-37.17018020223265,-37.111092651109566,-37.05453518341926,-37.00047501134635,-36.94888119119564,-36.89972454783636,-36.85297760467735,-36.80861451879505,-36.766611020871125,-36.726944359627964,-36.68959325047934,-36.65453782813911,-36.621759602955144,-36.591241420757186,-36.562967426027456,-36.53692302822116,-36.51309487108093,-36.49147080480523,-36.47203986094475,-36.45479222991503,-36.43971924102583,-36.42681334493973,-36.41606809848406,-36.40747815175047,-36.401039237426986,-36.396748162317316,-36.394602801011104,-36.394602091678735,-36.39674603397277,-36.40103568902723,-36.40747318155482,-36.41606170405075,-36.426805523120976,-36.439709987961606,-36.45478154102531,-36.47202773092026,-36.49145722759674,-36.513079839886885,-36.53690653547377,-36.562949463377066,-36.59122197905485,-36.62173867223346,-36.654515397591055,-36.68956930843512,-36.72691889352971,-36.76658401724541,-36.80858596322296,-36.85294748176204,-36.899692841167976,-36.94884788331336,-37.00044008369734,-37.05449861631436,-37.11105442367553,-37.17014029236057,-37.23179093451701,-37.296043075765716,-37.3629355500195,-37.43250940177359,-37.50480799648614,-37.57987713973159,-37.65776520588334,-37.73852327716361,-37.82220529399079,-37.90886821765724,-37.99857220648717,-38.091380806755375,-38.18736115979621,-38.28658422689977,-38.38912503378377,-38.4950629366465,-38.60448191205374,-38.717470873195886,-38.83412401537523,-38.95454119395606,-39.07882833843801,-39.20709790680802,-39.339469384897676,-39.47606983613654,-39.61703450786389,-39.76250750126204,-39.91264251302868,-40.06760365814348,-40.227566384542605,-40.39271849223813,-40.56326127146485,-40.739410776871516,-40.92139925768486,-41.1094767672692,-41.303912979716266,-41.504999246201436,-41.71305093004807,-41.928410067029674,-42.151448406765866,-42.382570902592974,-42.62221973161628,-42.87087894456606,-43.12907986763115,-43.39740740702261,-43.67650744350668,-43.96709555108495,-44.26996733488959,-44.586010763043845,-44.91622097250377,-45.26171816937297,-45.623769433697646,-46.0038154974481,-46.4035039220495,-46.82473060317434,-47.2696922439456,-47.74095346982363,-48.241533778928726,-48.77502180676822,-49.34572789620384,-49.958891496365936,-50.62096887863269,-51.34004165077861,-52.1264125549823,-52.993502078038816,-53.95924880652069,-55.048396646851465,-56.29644198389428,-57.756935827311665,-59.516277741246014,-61.72766810526258,-64.70478227245184,-69.27400952762747,-79.51660001414086,-77.56396570967746,-68.62572534177443,-64.316128441855,-61.45029680879019,-59.30077625457105,-57.580849840241626,-56.14768258635807,-54.919711444748806,-53.84594575968607,-52.89237143861684,-52.035162208697,-51.25697797746391,-50.54480527518025,-49.88862782020402,-49.280571481556734,-48.714333960388004,-48.18479248972967,-47.687726773207714,-47.21961878515823,-46.777505184556986,-46.35886657546192,-45.96154309807793,-45.58366917754692,-45.223622438586375,-44.87998324865893,-44.55150234182582,-44.23707466070663,-43.935718036369316,-43.646555670665485,-43.368801635216066,-43.10174878441707,-42.844758615774566,-42.59725271286388,-42.35870548349125,-42.128637964753395,-41.90661251230571,-41.69222822663835,-41.48511699698194,-41.28494006543404,-41.09138503136555,-40.90416323014236,-40.72300743145075,-40.54766981162474,-40.377920161791614,-40.21354429972101,-40.05434265825515,-39.90012902732162,-39.75072942995299,-39.60598111559103,-39.465731656339834,-39.329838133838884,-39.19816640611799,-39.070590445227836,-38.94699173765532,-38.827258740568496,-38.711286387821545,-38.59897564040845,-38.49023307670696,-38.38497051841703,-38.28310468858402,-38.18455689851892,-38.089252760794146,-37.99712192581258,-37.90809783972664,-37.82211752172785,-37.73912135894149,-37.65905291734943,-37.581858767329514,-37.507488322546784,-37.43589369106077,-37.36702953762848,-37.30085295628405,-37.23732335236715,-37.176402333252845,-37.11805360710795,-37.062242889063526,-37.008937814250984,-36.958107857201455,-36.9097242571548,-36.863759948866786,-36.8201894985412,-36.77898904454803,-36.74013624262037,-36.703610215250734,-36.669391505033815,-36.637462031726116,-36.60780505281454,-36.580405127406,-36.555248083268324,-36.532320986869614,-36.511612116278926,-36.49311093680564,-36.47680807926841,-36.46269532079741,-36.45076556808554,-36.441012843015585,-36.43343227060113,-36.42802006918928,-36.42477354288337,-36.42369107615329,0.004483855948021186,e,0,0,0,1.151416183478112,1.1003334177154964,1.6563214976563658
