feature_1,feature_2,feature_3,feature_4,feature_5,feature_6,feature_7,feature_8,feature_9,feature_10,feature_11,feature_12,feature_13,feature_14,feature_15,feature_16,feature_17,feature_18,feature_19,feature_20,feature_21,feature_22,feature_23,feature_24,feature_25,feature_26,feature_27,feature_28,feature_29,feature_30,feature_31,feature_32,feature_33,feature_34,feature_35,feature_36,feature_37,feature_38,feature_39,feature_40,feature_41,feature_42,feature_43,feature_44,feature_45,feature_46,feature_47,feature_48,feature_49,feature_50,feature_51,feature_52,feature_53,feature_54,feature_55,feature_56,feature_57,feature_58,feature_59,feature_60,feature_61,feature_62,feature_63,feature_64,feature_65,feature_66,feature_67,feature_68,feature_69,feature_70,feature_71,feature_72,feature_73,feature_74,feature_75,feature_76,feature_77,feature_78,feature_79,feature_80,feature_81,feature_82,feature_83,feature_84,feature_85,feature_86,feature_87,feature_88,feature_89,feature_90,feature_91,feature_92,feature_93,feature_94,feature_95,feature_96,feature_97,feature_98,feature_99,feature_100,feature_101,feature_102,feature_103,feature_104,feature_105,feature_106,feature_107,feature_108,feature_109,feature_110,feature_111,feature_112,feature_113,feature_114,feature_115,feature_116,feature_117,feature_118,feature_119,feature_120,feature_121,feature_122,feature_123,feature_124,feature_125,feature_126,feature_127,feature_128,feature_129,feature_130,feature_131,feature_132,feature_133,feature_134,feature_135,feature_136,feature_137,feature_138,feature_139,feature_140,feature_141,feature_142,feature_143,feature_144,feature_145,feature_146,feature_147,feature_148,feature_149,feature_150,feature_151,feature_152,feature_153,feature_154,feature_155,feature_156,feature_157,feature_158,feature_159,feature_160,feature_161,feature_162,feature_163,feature_164,feature_165,feature_166,feature_167,feature_168,feature_169,feature_170,feature_171,feature_172,feature_173,feature_174,feature_175,feature_176,feature_177,feature_178,feature_179,feature_180,feature_181,feature_182,feature_183,feature_184,feature_185,feature_186,feature_187,feature_188,feature_189,feature_190,feature_191,feature_192,feature_193,feature_194,feature_195,feature_196,feature_197,feature_198,feature_199,feature_200,feature_201,feature_202,feature_203,feature_204,feature_205,feature_206,feature_207,feature_208,feature_209,feature_210,feature_211,feature_212,feature_213,feature_214,feature_215,feature_216,feature_217,feature_218,feature_219,feature_220,feature_221,feature_222,feature_223,feature_224,feature_225,feature_226,feature_227,feature_228,feature_229,feature_230,feature_231,feature_232,feature_233,feature_234,feature_235,feature_236,feature_237,feature_238,feature_239,feature_240,feature_241,feature_242,feature_243,feature_244,feature_245,feature_246,feature_247,feature_248,feature_249,feature_250,feature_251,feature_252,feature_253,feature_254,feature_255,feature_256,feature_257,feature_258,feature_259,feature_260,feature_261,feature_262,feature_263,feature_264,feature_265,feature_266,feature_267,feature_268,feature_269,feature_270,feature_271,feature_272,feature_273,feature_274,feature_275,feature_276,feature_277,feature_278,feature_279,feature_280,feature_281,feature_282,feature_283,feature_284,feature_285,feature_286,feature_287,feature_288,feature_289,feature_290,feature_291,feature_292,feature_293,feature_294,feature_295,feature_296,feature_297,feature_298,feature_299,feature_300,feature_301,feature_302,feature_303,feature_304,feature_305,feature_306,feature_307,feature_308,feature_309,feature_310,feature_311,feature_312,feature_313,feature_314,feature_315,feature_316,feature_317,feature_318,feature_319,feature_320,feature_321,feature_322,feature_323,feature_324,feature_325,feature_326,feature_327,feature_328,feature_329,feature_330,feature_331,feature_332,feature_333,feature_334,feature_335,feature_336,feature_337,feature_338,feature_339,feature_340,feature_341,feature_342,feature_343,feature_344,feature_345,feature_346,feature_347,feature_348,feature_349,feature_350,feature_351,feature_352,feature_353,feature_354,feature_355,feature_356,feature_357,feature_358,feature_359,feature_360,feature_361,feature_362,feature_363,feature_364,feature_365,feature_366,feature_367,feature_368,feature_369,feature_370,feature_371,feature_372,feature_373,feature_374,feature_375,feature_376,feature_377,feature_378,feature_379,feature_380,feature_381,feature_382,feature_383,feature_384,feature_385,feature_386,feature_387,feature_388,feature_389,feature_390,feature_391,feature_392,feature_393,feature_394,feature_395,feature_396,feature_397,feature_398,feature_399,feature_400,label_1,label_2,label_3
-10.875075957840856,-10.877513047310671,-10.884791468388277,-10.896919825438324,-10.913912495159332,-10.935789694511087,-10.962577576679495,-10.994308355994807,-11.031020463005712,-11.072758731217307,-11.11957461733139,-11.171526457188374,-11.228679760007857,-11.291107543967255,-11.358890716653491,-11.432118504481421,-11.510888935806223,-11.595309383179345,-11.68549717102457,-11.781580255962048,-11.883697988105792,-11.992001962932662,-12.106656974798874,-12.227842084904697,-12.355751818524261,-12.490597508682882,-12.632608806246399,-12.782035379668017,-12.939148831517182,-13.104244863511678,-13.277645727233027,-13.459703004200332,-13.650800766717328,-13.851359180139973,-14.06183861823062,-14.282744376408905,-14.514632083363875,-14.75811393007201,-15.013865857188627,-15.282635867394905,-15.565253658739952,-15.862641808020605,-16.17582876858963,-16.50596398173454,-16.854335428727993,-17.222389959612208,-17.611756701505872,-18.024273730212958,-18.462017903308702,-18.92733715044981,-19.422883317268543,-19.951641337093715,-20.516946065374903,-21.122469659622062,-21.77214629273311,-22.46997031043554,-23.21954563950982,-24.023154997011822,-24.87992089603,-25.782312810305417,-26.709887157617494,-27.61929560501397,-28.43226859277877,-29.032105448621913,-29.29099906695845,-29.13584428310264,-28.600079694518957,-27.79878068888475,-26.858761635173437,-25.874219847205737,-24.90097385829598,-23.967114057311854,-23.084317113939235,-22.255526849874695,-21.479395283352503,-20.752666165572798,-20.071399646383895,-19.43157692901465,-18.8293814479302,-18.26131422064938,-17.72422604333293,-17.215309603600225,-16.732073802051776,-16.272311665930953,-15.834067507620846,-15.415605975892854,-15.01538408592743,-14.632026518914696,-14.264304094315248,-13.911115145431934,-13.571469468479862,-13.244474511204288,-12.929323489453937,-12.62528515317133,-12.33169495885996,-12.047947439734783,-11.77348959569427,-11.507815152386573,-11.250459561989326,-11.000995638176061,-10.759029734500174,-10.524198389513625,-10.296165373749686,-10.074619083595806,-9.859270235375455,-9.649849819911495,-9.446107283682668,-9.247808907595395,-9.05473635853129,-8.866685392324879,-8.683464689783428,-8.50489480986927,-8.330807246298072,-8.161043575624243,-7.995454686438158,-7.83390008062987,-7.676247238815876,-7.5223710430081265,-7.3721532504518485,-7.225482013291142,-7.082251439356134,-6.942361189916283,-6.80571611072393,-6.672225893090278,-6.541804762101017,-6.414371189398871,-6.2898476282404,-6.1681602687812465,-6.049238811760719,-5.933016258948168,-5.819428718882575,-5.708415226586563,-5.599917576068484,-5.493880164544262,-5.3902498474151574,-5.2889758031310645,-5.190009407151982,-5.093304114294639,-4.998815348817684,-4.906500401658222,-4.816318334285893,-4.728229888688443,-4.642197403045778,-4.558184732688134,-4.476157175968849,-4.396081404713535,-4.317925398935919,-4.241658385535974,-4.167250780719318,-4.094674135897625,-4.023901086848741,-3.9549053059324413,-3.88766145717328,-3.822145154036095,-3.758332919732582,-3.696202149909083,-3.6357310775762555,-3.576898740150977,-3.5196849484897523,-3.4640702578007723,-3.410035940329212,-3.3575639597170763,-3.306636946944938,-3.2572381777686847,-3.2093515515693656,-3.1629615715391846,-3.1180533261308288,-3.074612471701533,-3.0326252162868492,-2.9920783044426207,-2.9529590030968245,-2.9152550883559023,-2.8789548332129873,-2.8440469961080512,-2.8105208102923713,-2.7783659739521043,-2.7475726410478494,-2.718131412829214,-2.6900333299852996,-2.6632698653940254,-2.637832917434861,-2.6137148038314773,-2.590908255992387,-2.569406413819366,-2.549202820955048,-2.5302914204427123,-2.512666550772744,-2.496322942291932,-2.481255713953154,-2.467460370384625,-2.4549327992592627,-2.443669268946378,-2.4336664264292236,-2.4249212954735495,-2.4174312750337026,-2.4111941378844133,-2.4062080294677313,-2.4024714669462535,-2.3999833384551,-2.398742902546727,-2.3987497878240576,-2.4000039927589647,-2.4025058856946107,-2.4062562050316534,-2.4112560595998143,-2.417506929217809,-2.4250106654461185,-2.433769492538617,-2.4437860086004823,-2.455063186961395,-2.4676043777744576,-2.4814133098527926,-2.496494092757195,-2.5128512191498196,-2.5304895674302816,-2.5494144046720084,-2.5696313898782988,-2.5911465775789355,-2.6139664217897773,-2.6380977803592023,-2.6635479197269145,-2.6903245201221218,-2.718435681229664,-2.74788992835438,-2.7786962191155413,-2.8108639507049515,-2.844402967744122,-2.879323570777549,-2.9156365254412893,-2.9533530723477517,-2.9924849377298495,-3.033044344889765,-3.0750440264998877,-3.1184972378059577,-3.163417770784989,-3.209819969313382,-3.257718745403557,-3.307129596570661,-3.358068624394315,-3.4105525543441706,-3.4645987569418955,-3.5202252703367547,-3.577450824376633,-3.636294866261406,-3.696777587871371,-3.7589199548694356,-3.8227437376825737,-3.8882715444753604,-3.9555268562364176,-4.024534064107472,-4.095318509094366,-4.167906524310009,-4.242325479910864,-4.318603830901557,-4.39677116799614,-4.476858271740292,-4.558897170115786,-4.642921199867629,-4.7289650718150344,-4.817064940430763,-4.907258477998688,-4.99958495368803,-5.094085317913946,-5.190802292389067,-5.2897804663092725,-5.39106639916,-5.494708730677267,-5.600758298550932,-5.70926826451716,-5.820294249553689,-5.933894478965569,-6.050129938232484,-6.169064540581994,-6.290765307357845,-6.415302562370413,-6.542750141548962,-6.673185619365434,-6.806690553668316,-6.943350750757068,-7.0832565527444915,-7.22650314950124,-7.373190917757267,-7.523425790255091,-7.67731965821536,-7.8349908107933555,-7.996564415685288,-8.162173045594425,-8.331957255902523,-8.506066219625076,-8.684658426577258,-8.867902454660802,-9.05597782232535,-9.24907593258896,-9.447401120557684,-9.651171818203753,-9.860621852297362,-10.076001893898251,-10.29758108077398,-10.525648837610113,-10.760516923020294,-11.002521737280983,-11.252026930561508,-11.50942635838267,-11.775147439340186,-12.049654980038776,-12.333455544010521,-12.627102455495187,-12.931201545741455,-13.246417769367005,-13.57348284169397,-13.913204075145437,-14.266474623759004,-14.634285379058223,-15.017738796152047,-15.418064961996336,-15.836640240069226,-16.275008821432817,-16.734907451343187,-17.218293427402138,-17.727375576021306,-18.26464711582132,-18.83291774899821,-19.43533930590884,-20.07541351610735,-20.756959529726974,-21.48399795084145,-22.26046839267145,-23.089622288252713,-23.972793275446442,-24.90700432240711,-25.880510240504226,-26.865092248159304,-27.804722065522807,-28.60494090823544,-29.13878936380549,-29.29143743287665,-29.030089845849673,-28.42842891102757,-27.614410197431557,-26.704568041038396,-25.77694061974393,-24.874699547225628,-24.01817971536285,-23.21485152460021,-22.46556135503986,-21.768011436466583,-21.118591326218056,-20.513304575112127,-19.948217109011306,-19.41965790181716,-18.92429365049797,-18.45914108145229,-18.021549961257595,-17.60917385448885,-17.21993725366465,-16.852003285464555,-16.50374388520167,-16.173713137557723,-15.860623882115245,-15.563327398233756,-15.2807958656894,-15.012107264698747,-14.756432388158004,-14.513023667013577,-14.281205544487358,-14.060366170248145,-13.849950218624105,-13.649452664399831,-13.458413375343047,-13.276412402514996,-13.10306586798564,-12.938022365216328,-12.780959800506208,-12.631582614907703,-12.489619335240922,-12.354820410569744,-12.226956296991272,-12.105815759044628,-11.991204360637518,-11.88294312226451,-11.780867324569101,-11.684825441081363,-11.594678185326256,-11.510297659512336,-11.43156659373371,-11.358377666094846,-11.29063289543943,-11.228243099461036,-11.171127411924143,-11.119212853550271,-11.072433951845724,-11.030732405780705,-10.99405679178785,-10.962362308043271,-10.935610554435613,-10.91376934602588,-10.896812558161635,-10.884720001739268,-10.877477327413672,-10.875075957840856,-1.6514882734066725,-0.00010086296931510752,-0.07807418702775193,0.9390433917845914,1.4446528664624272,0.8945271845812223
3.107525848884926,3.1056906626862335,3.100236659200238,3.0911609338972177,3.078458630554412,3.06212292309176,3.0421449900126483,3.0185139812998245,2.991216977571442,2.9602389412549024,2.925562659486486,2.887168678391996,2.8450352283475384,2.7991381397589317,2.7494507488330107,2.6959437927430105,2.63858529351276,2.577340429859162,2.5121713961389336,2.443037247441951,2.3698937297587865,2.2926930940222254,2.2113838926802893,2.1259107572988905,2.0362141555138598,1.942230125451439,1.8438899855106192,1.7411200171460073,1.6338411180018733,1.5219684224220202,1.4054108859903045,1.284070830335928,1.157843443959348,1.0266162342887715,0.8902684255541943,0.7486702963535502,0.6016824499696748,0.4491550095619202,0.29092672928339874,0.12682401114299902,-0.043340183983675215,-0.21976754441629603,-0.4026757498938563,-0.5922999651931836,-0.7888945048293222,-0.9927346913307582,-1.2041189327748683,-1.4233710488801559,-1.6508428790014007,-1.8869172098564708,-2.132011065682254,-2.386579408649724,-2.6511193025212116,-2.926174597261256,-3.212341195846413,-3.5102729655645053,-3.820688352511559,-4.144377746287594,-4.4822116163700745,-4.835149393062735,-5.20424897925195,-5.590676629961482,-5.995716684801958,-6.420780217965706,-6.867410972516921,-7.337285789548114,-7.832204827059773,-8.354063685940416,-8.904794287582895,-9.48625261468106,-10.100017067924119,-10.747037997026947,-11.427042903570129,-12.137550191051012,-12.872284073819644,-13.618755195119473,-14.3549069100586,-15.045331986513634,-15.63907544487246,-16.07329200786716,-16.28737204068327,-16.24551397993038,-15.953824619961026,-15.457205157048842,-14.818908101053731,-14.099383503630039,-13.3452879835298,-12.587972968867138,-11.846448782528993,-11.131166426683091,-10.44712537594739,-9.796041924965749,-9.177745430430114,-8.591038428894603,-8.03421185124814,-7.50534673614756,-7.002486489743371,-6.523731628611429,-6.067288567313753,-5.631491478269899,-5.214808649773062,-4.8158401823245995,-4.433311100130135,-4.0660622880894906,-3.713040658647161,-3.373289345808331,-3.04593835830884,-2.730195905587875,-2.425340481427158,-2.13071371591771,-1.845713965398554,-1.569790589042383,-1.302438851754778,-1.043195391029474,-0.7916341873059102,-0.5473629813431039,-0.3100200870315382,-0.07927155324758958,0.1451913665651597,0.36365447363199016,0.576382644077355,0.7836216383978951,0.9855997249324301,1.1825291390004224,1.3746073966749908,1.5620184797908436,1.744933906724144,1.9235137016838022,2.0979072736894784,2.2682542150501126,2.4346850279721863,2.597321786895029,2.756278743251656,2.9116628785692145,3.0635744111386343,3.212107260884354,3.3573494765412133,3.499383628786345,3.6382871725709425,3.7741327815427472,3.9069886571382484,4.036918814649098,4.1639833483246305,4.28823867735841,4.40973777441678,4.528530378199679,4.644663191374533,4.758180065091868,4.869122171172973,4.977528162955077,5.083434325685825,5.18687471727477,5.287881300134999,5.386484064780674,5.482711145786308,5.576588930659292,5.668142162128907,5.757394034311174,5.84436628316949,5.929079271655603,6.011552069883188,6.091802530657391,6.169847360657357,6.245702187544876,6.3193816232507665,6.390899323670725,6.460268044984741,6.527499696797583,6.5926053922831205,6.655595495501659,6.7164796660468244,6.77526690116733,6.831965575498287,6.886583478527191,6.939127849910767,6.989605412750666,7.0380224049284585,7.084384608593274,7.128697377889011,7.1709656650018765,7.21119404460346,7.249386736759168,7.285547628367025,7.31968029318705,7.351788010517217,7.381873782567755,7.409940350581737,7.435990209746154,7.460025622934204,7.482048633316117,7.502061075872718,7.520064587842747,7.5360606181320815,7.550050435710093,7.5620351370156875,7.572015652392718,7.579992751572072,7.585967048214974,7.589939003529652,7.591908928970998,7.5918769880304104,7.589843197120637,7.585807425557986,7.579769394641885,7.571728675829439,7.561684688000141,7.549636693803574,7.535583795080424,7.51952492734469,7.501458853312469,7.4813841554601455,7.459299227592117,7.435202265395611,7.4090912559573425,7.380963966213781,7.350817930304103,7.318650435791515,7.28445850871569,7.248238897435522,7.209988055218004,7.169702121525292,7.127376901948094,7.083007846729466,7.036590027818713,6.988118114390347,6.937586346758318,6.884988508610233,6.830317897480757,6.773567293377292,6.714728925464478,6.653794436707048,6.5907548463630565,6.5256005102110946,6.458321078386469,6.388905450691481,6.317341729234482,6.243617168241011,6.167718120867804,6.089629982836814,6.009337132691508,5.926822868461383,5.842069340502674,5.755057480263565,5.665766924700586,5.574175936048906,5.480261316623071,5.38399831829553,5.285360546268228,5.184319856716972,5.080846247848882,4.9749077438693226,4.866470271306337,4.755497527086367,4.641950837694789,4.52578900868782,4.406968163747087,4.285441572384556,4.16115946531147,4.0340688363798805,3.9041132298873165,3.771232511902287,3.6353626241193253,3.496435318583702,3.3543778714365216,3.2091127736161242,3.060557396209203,2.90862362787007,2.7532174814144477,2.5942386663397254,2.4315801236200225,2.265127518665043,2.0947586878068907,1.9203430330800115,1.7417408593738686,1.5588026472529362,1.3713682538385974,1.1792660331144762,0.9823118658310062,0.7803080878218074,0.5730423039787236,0.3602860733328227,0.1417934486232399,-0.0827006486323882,-0.3134822392601694,-0.550860308524571,-0.7951690674720019,-1.0467704857311093,-1.3060571323466998,-1.5734553659967672,-1.849428921020634,-2.134482940864408,-2.4291685154474383,-2.7340877829003674,-3.0498996579941737,-3.377326247494279,-3.7171600035650827,-4.070271645216568,-4.4376188365016835,-4.82025553554125,-5.219341798973945,-5.636153606969112,-6.072091906805678,-6.52868946299958,-7.007613091156876,-7.510657178274107,-8.039721615806874,-8.596762664692683,-9.183697634665617,-9.80223167053374,-10.453554477092755,-11.137822585388854,-11.853295281943772,-12.594932494761956,-13.352218673994427,-14.10604734834137,-14.824939028112214,-15.462100251058441,-15.95700191207493,-16.246471800207143,-16.285902515639926,-16.069595457346463,-15.63366726702807,-15.038825630209967,-14.347837001295122,-13.611508221159925,-12.86510581187176,-12.13058124736487,-11.420354436611857,-10.740658631739244,-10.09395079642015,-9.480489951582857,-8.899318957589458,-8.34885652138575,-7.827245976522886,-7.332555922477234,-6.862891894888117,-6.416455147132889,-5.991570330879118,-5.586695170784978,-5.200419980050394,-4.831461700581644,-4.478655244476885,-4.14094376252233,-3.8173687705735997,-3.507060646099504,-3.2092297563799104,-2.9231583312732727,-2.6481931072005334,-2.383738720647053,-2.129251804098221,-1.8842357256956097,-1.6482359103601678,-1.4208356811946785,-1.201652563519817,-0.9903349986273158,-0.7865594194838742,-0.5900276457469388,-0.40046456031643785,-0.21761603412330802,-0.041247069899632456,0.12885986071897973,0.2929063092200575,0.4510791910304436,0.6035519923303772,0.7504858579343685,0.8920305734429326,1.0283254532457164,1.1595001445435977,1.2856753563272274,1.4069635211783122,1.5234693968261637,1.6352906135773853,1.7425181730253252,1.8452369028233675,1.9435258717614654,2.037458768907146,2.1271042501525517,2.212526255139359,2.2937842972079787,2.370933728729766,2.444025983926518,2.5131088010561426,2.578226425642897,2.6394197962525245,2.69672671415326,2.7501819980616604,2.7998176250445264,2.8456628585334967,2.8877443643055196,2.9260863151886864,2.9607104851681716,2.991636333489178,3.018881079283151,3.0424597671780784,3.0623853242932526,3.0786686089627495,3.0913184514792,3.100341687099651,3.1057431815082226,3.107525848884926,-1.0109883577941434,-1.3913394390413338,-0.3887687873614649,0.6825178650782857,1.9881285958052692,1.795487128303676
-0.6531278817512742,-0.6556599782242268,-0.6632929919423616,-0.6760360066775748,-0.6939042267386242,-0.7169190191898779,-0.7451079731354042,-0.7785049760596553,-0.8171503071892218,-0.8610907477914255,-0.9103797082484895,-0.9650773716311446,-1.0252508533322566,-1.0909743760953594,-1.1623294594673355,-1.2394051222969136,-1.3222980963627597,-1.4111130485109342,-1.5059628077655636,-1.6069685926899244,-1.714260232742725,-1.8279763754000977,-1.9482646682734783,-2.075281902188664,-2.2091940969966393,-2.3501765064990723,-2.4984135119501727,-2.654098364704629,-2.8174327271535486,-2.988625946401307,-3.1678939762536276,-3.3554578388192486,-3.551541485857795,-3.7563688800215345,-3.970160064953039,-4.193125927890923,-4.425461275512767,-4.667335739213748,-4.9188818956216895,-5.180179827941226,-5.451237161271525,-5.731963381691392,-6.022137003772841,-6.321363907984315,-6.629024977508675,-6.944211115152816,-7.265643973514631,-7.591581540065125,-7.919709463278575,-8.247022198798097,-8.569703280655094,-8.883021731320138,-9.181271666268218,-9.457792982158907,-9.70511872725397,-9.915292528703453,-10.08037888298321,-10.193144799266566,-10.247828399094121,-10.240850096185465,-10.17129798680562,-10.041056592194288,-9.854542280037359,-9.61811984881789,-9.339351917580782,-9.026247179134952,-8.686633039876488,-8.32771371257833,-7.955816927241539,-7.576296618435064,-7.1935457670359675,-6.811075794136299,-6.431628347499263,-6.0572961797301765,-5.689639119637736,-5.329787943439096,-4.978533395747001,-4.636400226346224,-4.303707470836954,-3.9806167790236358,-3.6671707176112562,-3.3633228603537315,-3.0689612609035635,-2.7839266557060274,-2.508026505063883,-2.2410457675234734,-1.982755121768213,-1.732917200906896,-1.49129128325869,-1.2576367873103347,-1.0317158422445614,-0.8132951454797721,-0.6021472717295443,-0.3980515614591572,-0.20079468807374729,-0.0101709809550984,0.17401743582312162,0.35196064272158145,0.5238410259893836,0.6898334531792514,0.8501055015012436,1.004817722533688,1.1541239306598043,1.2981715055975496,1.4371017017259402,1.571049958729323,1.7001462094944106,1.8245151822924672,1.9442766951286243,2.0595459407966077,2.1704337616815113,2.277046913738792,2.379488319370346,2.477857309138242,2.572249852419541,2.6627587772241776,2.749473979481646,2.832482622159297,2.91186932461124,2.9877163425770226,3.0601037392572406,3.129109547891851,3.194809926258659,3.2572793034959013,3.316590519635689,3.3728149582150206,3.4260226723095757,3.476282504312495,3.52366219975698,3.5682285154578826,3.610047322223716,3.6491837023672016,3.68570204221955,3.719666119831246,3.751139188020293,3.7801840529079955,3.8068631480618453,3.8312386043457103,3.8533723155586763,3.8733259999260463,3.8911612574889585,3.906939623422799,3.920722617299359,3.932571788293214,3.942548756319426,3.950715249077077,3.9571331349618277,3.9618644518002233,3.964971431349303,3.966516519496961,3.966562392091781,3.9651719663256593,3.962408407588423,3.95833513171123,3.953015802514569,3.9465143245773993,3.9388948311465564,3.9302216671097727,3.9205593669620065,3.9099726277030196,3.8985262766143816,3.88628523387656,3.8733144700012296,3.859678958070709,3.8454436207952547,3.8306732724199333,3.815432555535983,3.79978587287657,3.783797314203965,3.7675305784239828,3.7510488910938533,3.7344149175216197,3.717690671688092,3.7009374212562647,3.684215588967513,3.6675846507586423,3.651103030968288,3.6348279950352307,3.6188155401241326,3.6031202841457506,3.5877953536684397,3.572892271244981,3.55846084270334,3.54454904497107,3.5312029150206508,3.5184664405363106,3.506381452911624,3.4949875231912446,3.484321861568693,3.4744192210456255,3.4653118058458214,3.457029185159187,3.449598212767798,3.4430429530767794,3.4373846140385607,3.4326414874192674,3.4288288968116687,3.425959153750169,3.4240415222304206,3.42308219188002,3.4230842599674762,3.4240477223755987,3.425969473602728,3.428843315791764,3.4326599767236394,3.4374071366491887,3.4430694637720674,3.4496286581364433,3.457063503616796,3.465349927654354,3.474461068335786,3.48436734836532,3.4950365554418203,3.506433928517913,3.518522249389193,3.5312619390381577,3.5446111581395536,3.558525911121766,3.5729601531721773,3.58786589957318,3.6031933367594466,3.618890934495867,3.634905558588816,3.6511825835609764,3.667666004741059,3.6842985492443034,3.7010217853469385,3.7177762297874306,3.7345014525590186,3.7511361787908837,3.767618387349398,3.783885405825366,3.799874001607889,3.815520468779864,3.830760710604074,3.845530317401753,3.8597646396573815,3.8733988562138433,3.886368037450885,3.8986072033669315,3.9100513765092937,3.9206356297210205,3.9302951286936096,3.938965169333604,3.946581209967941,3.9530788984272602,3.958394094058972,3.9624628847320627,3.965221598903863,3.966606812825322,3.96655535296557,3.9650042937391055,3.961890950619653,3.9571528687237842,3.9507278069448764,3.9425537177139445,3.932568722458444,3.9207110828233005,3.906919167710399,3.8911314161835087,3.87328629627512,3.8533222597203887,3.831177692630572,3.806790862105165,3.7800998587672296,3.7510425351911914,3.7195564401760444,3.685578748799821,3.64904618817313,3.6098949587908233,3.5680606513611663,3.52347815897149,3.4760815844281256,3.425804142586497,3.3725780574647484,3.316334453911129,3.2570032435717087,3.1945130048812906,3.128790856776212,3.059762325804133,2.987351206282593,2.9114794131361714,2.832066827021586,2.749031131332314,2.6622876406603235,2.5717491202833576,2.477325596244073,2.3789241555944223,2.276448736397769,2.169799907116149,2.058874635065858,1.9435660437063997,1.8237631586448708,1.6993506423981077,1.5702085181724044,1.436211883210135,1.297230612634793,1.1531290552265265,1.0037657232115142,0.8489929789934898,0.688656722846636,0.5225960869957875,0.3506431433200161,0.17262263424248875,-0.011648260641548157,-0.20236010580832547,-0.39971131760073825,-0.6039081709242085,-0.8151646690578791,-1.0337022303411678,-1.2597491320553291,-1.4935396345361203,-1.7353126863309472,-1.9853100826497254,-2.243773912680898,-2.5109430843258913,-2.7870486547984177,-3.07230761901696,-3.3669147109119453,-3.671031651396648,-3.9847731265655604,-4.308188597402421,-4.641238827385075,-4.983765772411638,-5.3354542257396815,-5.6957833875706765,-6.063966408854181,-6.438876073646064,-6.8189553519172215,-7.20211291068757,-7.58560628852751,-7.965919898912422,-8.338651879666696,-8.6984332000084,-9.038913443674014,-9.352857321876524,-9.632398366409486,-9.869483105378077,-10.05650293640187,-10.187052317217669,-10.256686476953462,-10.263510565274157,-10.208446616302085,-10.09510291766192,-9.929283119805639,-9.718267833206838,-9.470039217596064,-9.192594413743329,-8.893432687931458,-8.579237478327338,-8.255729851168601,-7.927649302817148,-7.598815798870189,-7.272234863269582,-6.950218532483192,-6.634505138209414,-6.326368645155492,-6.0267135164955565,-5.736154273656238,-5.4550806543389605,-5.183710071519174,-4.9221293194367615,-4.670327416086507,-4.428221273887976,-4.19567564269176,-3.9725185210854836,-3.7585530064998975,-3.553566360741413,-3.3573369064267284,-3.1696392387867918,-2.9902481323915655,-2.8189414391880465,-2.6555022087967157,-2.499720210751856,-2.351392998351978,-2.2103266226073948,-2.07633608050871,-1.949245562970566,-1.828888553132555,-1.7151078142896823,-1.607755297850836,-1.5066919948195012,-1.4117877489189494,-1.3229210453033347,-1.2399787855439224,-1.162856057049859,-1.0914559031184021,-1.0256890982850522,-0.9654739324645406,-0.9107360064637114,-0.8614080407483165,-0.8174296988125707,-0.7787474260960486,-0.7453143050902921,-0.7170899270543968,-0.6940402805976158,-0.6761376572741862,-0.6633605742598809,-0.6556937141323191,-0.6531278817512742,-1.4917208059154698,-0.8150465065113506,-0.4903467867551463,1.7625756404813275,1.4207123870518812,1.9835193110661002
-1.3068829395155164,-1.3088309371011673,-1.3146685053362328,-1.32440070550938,-1.338035989797335,-1.3555862313901457,-1.377066766948139,-1.402496451685349,-1.4318977274640978,-1.4652967043792424,-1.5027232564101813,-1.5442111318245444,-1.5897980791313722,-1.6395259895044063,-1.693441056729962,-1.7515939558798819,-1.8140400420705094,-1.8808395708456298,-1.9520579419168336,-2.0277659682120923,-2.108040172424835,-2.1929631135252245,-2.28262374599636,-2.377117814894771,-2.476548290211704,-2.5810258444346417,-2.6906693776822443,-2.8056065953180136,-2.925974643543479,-3.0519208091390118,-3.1836032902657534,-3.3211920460728974,-3.464869733776596,-3.6148327428943454,-3.771292337433434,-3.9344759180394675,-4.104628417399242,-4.282013843535855,-4.466916986987676,-4.659645309151644,-4.860531030173679,-5.069933435496598,-5.288241420237539,-5.51587628951888,-5.753294830049129,-6.00099266263022,-6.25950787533138,-6.529424920520067,-6.811378732313176,-7.10605897906623,-7.414214300307819,-7.736656276951943,-8.074262729200898,-8.427979699947187,-8.798821119118703,-9.18786458915179,-9.59624088020577,-10.025113417098126,-10.475642036723078,-10.948922234168862,-11.445886477796108,-11.96714725917408,-12.512751550833055,-13.081802739126886,-13.671889761820433,-14.278249349291364,-14.892592037730557,-15.501584558468302,-16.085173801071328,-16.615354665747482,-17.05662067752332,-17.36978279728994,-17.520045106830622,-17.487330515817654,-17.273514577421544,-16.90170739110355,-16.408099093294457,-15.831701928607771,-15.20693190326188,-14.560445149083606,-13.911073004653707,-13.271192831992822,-12.648405037251734,-12.04699993743401,-11.469073676445468,-10.91531719238179,-10.385550851840616,-9.879077241834658,-9.394909672225843,-8.931917862160823,-8.48891926751849,-8.064735067050558,-7.65822333591065,-7.26829759760323,-6.893936088062747,-6.5341851969039215,-6.188159332342509,-5.855038662114569,-5.534065664818904,-5.2245410880801115,-4.92581968921404,-4.637305990056641,-4.358450183867363,-4.088744271494465,-3.8277184649985556,-3.5749378722472516,-3.3299994607222647,-3.092529289679278,-2.8621799947239666,-2.6386285063876036,-2.421573983456671,-2.2107359420056594,-2.005852561886339,-1.8066791535693407,-1.6129867695384927,-1.4245609457930952,-1.2412005603486553,-1.0627167969006241,-0.8889322030067043,-0.71967983323921,-0.5548024687582697,-0.39415190566012626,-0.23758830526756575,-0.0849796002579973,0.0637990488248217,0.2088657515490207,0.3503323444198805,0.48830481044952934,0.6228836649597488,0.7541643107432114,0.8822373653853091,1.0071889632613653,1.1291010344683985,1.2480515627227997,1.364114824052598,1.4773616079321183,1.5878594223455194,1.6956726841215686,1.8008628957533244,1.9034888098011473,2.003606581874248,2.1012699130936503,2.196530182856384,2.2894365726463053,2.3800361815699578,2.4683741342357437,2.554493681540258,2.638436294877068,2.720241754238775,2.7999482306436505,2.877592363282085,2.9532093317454544,3.0268329236707308,3.0984955981072977,3.168228544888405,3.2360617402675427,3.3020239990602795,3.3661430235137924,3.4284454491099132,3.4889568874925034,3.5477019666961658,3.604704368840955,3.6599868654461796,3.713571350506059,3.7654788714604304,3.815729658184872,3.8643431501166643,3.911338021625566,3.9567322057316168,4.000542916265901,4.042786668564407,4.083479298779778,4.122635981890795,4.160271248484756,4.196399000383708,4.231032525181362,4.264184509753876,4.295867052803994,4.326091676494899,4.354869337226756,4.382210435606142,4.4081248256555465,4.432621823307499,4.455710214225216,4.477398260989243,4.497693709686947,4.516603795939634,4.53413525039956,4.550294303746965,4.565086691215125,4.57851765666925,4.59059195626287,4.60131386169349,4.610687163077081,4.618715171459008,4.6254007209770585,4.630746170690171,4.634753406084551,4.637423840266849,4.63875841485225,4.638757600553156,4.637421397472444,4.634749335103198,4.630740472034898,4.625393395364165,4.618706219806165,4.610676586500876,4.60130166150643,4.590578133969881,4.578502213963657,4.565069629974133,4.550275626026656,4.534114958429444,4.516581892116706,4.497670196569353,4.477373141289517,4.455683490803148,4.432593499162618,4.408094903919315,4.382178919533789,4.354836230188901,4.326056981968909,4.295830774365148,4.264146651066369,4.230993089989219,4.196357992501602,4.160228671788834,4.1225918403095125,4.083433596284861,4.042739409161941,4.000494103987663,3.9566818446266923,3.911286115752335,3.8642897035352455,3.8156746749501327,3.7654223556156055,3.713513306077152,3.659927296437214,3.60464327923024,3.547639360433663,3.4888927684985127,3.4283798212751915,3.366075890701291,3.301955365108744,3.2359916089971197,3.1681569201085917,3.0984224836274126,3.026758323313243,2.953133249362523,2.8775148027756114,2.799869195989311,2.7201612495144256,2.638354324296099,2.5544102494903553,2.468289245323794,2.379949840673727,2.289348784973689,2.1964409540131786,2.101179249160738,2.0035144894954158,1.9033952962827678,1.8007679691773695,1.695576353473507,1.587761697659075,1.4772625004528668,1.364014346422899,1.247949729190745,1.1289978611239062,1.0070844683030418,0.8821315694221264,0.7540572371357699,0.6227753402065379,0.4881952646245086,0.3502216116685864,0.20875387065165438,0.06368606383614356,-0.08509363928068177,-0.2377033414349033,-0.3942678743042096,-0.5549192963508295,-0.7197974361530228,-0.8890504860949054,-1.062835651863872,-1.241319863854705,-1.4246805573063626,-1.6131065288091557,-1.8067988777215254,-2.005972042032649,-2.2108549393005417,-2.4216922244825754,-2.638745677745138,-2.862295736669274,-3.0926431886163557,-3.330111040314221,-3.5750465828550446,-3.8278236710859233,-4.0888452365492025,-4.358546052275973,-4.637395765225025,-4.925902207040354,-5.224614984645621,-5.534129336849868,-5.855090218360588,-6.188196533482653,-6.534205380890102,-6.8939360768849625,-7.268273580240413,-7.658170720621155,-8.06464829403952,-8.488791570258812,-8.931740962097084,-9.39467338715721,-9.878768983010158,-10.385154979181408,-10.914814192712072,-11.468439129719386,-12.046203248600184,-12.647407953039387,-13.269947864457347,-13.909522103296668,-14.558519385421043,-15.204553637001085,-15.828791846394996,-16.404591058972144,-16.897572574553703,-17.26879047638699,-17.48214069677082,-17.514590719315027,-17.364300042310298,-17.051324162518057,-16.610397197747254,-16.080636698506527,-15.49749060962544,-14.88892603692838,-14.274976162003703,-13.668966663908925,-13.079186555361055,-12.510402200190395,-11.96502915984861,-11.443968808303822,-10.947178647861435,-10.474050158092487,-10.023654287582405,-9.594898431881965,-9.186625177670578,-8.797673123793652,-8.426913188084244,-8.073269177418718,-7.7357283411058075,-7.413345625957797,-7.105244045346305,-6.8106127231307045,-6.528703618047657,-6.258827571667411,-6.00035008627837,-5.7526870845070714,-5.515300801787088,-5.287695897479407,-5.069415828418952,-4.86003950196761,-4.659178209050545,-4.466472827673713,-4.281591281765932,-4.104226237334228,-3.934093016851676,-3.7709277128409195,-3.61448548233056,-3.4645390049529166,-3.320877088731416,-3.18330340895252,-3.051635366855056,-2.9257030561531816,-2.8053483266129673,-2.690423935014187,-2.580792774843773,-2.476327176987702,-2.3769082745166195,-2.2824254254049587,-2.1927756876889934,-2.1078633421642037,-2.0275994582532006,-1.9519014991489154,-1.8806929627598663,-1.8139030553609883,-1.7514663951899798,-1.6933227435294604,-1.6394167610846222,-1.5896977877072125,-1.5441196437337519,-1.5026404514013982,-1.4652224749815006,-1.4318319784313998,-1.402439099510835,-1.3770177394431022,-1.3555454673238594,-1.3380034385943018,-1.3243763270011746,-1.3146522695656229,-1.3088228241767448,-1.306882939515518,-1.1520000712888823,-0.6642739295754925,-0.16907061150976133,0.9275522336356428,1.4299093749910785,1.8030511892456755
-9.441254354632266,-9.443470383078477,-9.45009395202407,-9.461132872321611,-9.476600191133599,-9.496514247877863,-9.520898753224047,-9.549782891850601,-9.583201449892,-9.62119496824055,-9.663809923119274,-9.711098935616532,-9.763121012173595,-9.819941818348767,-9.881633988551787,-9.948277474856916,-10.019959938470658,-10.09677718795941,-10.178833668944652,-10.266243010661436,-10.359128635564714,-10.457624439075744,-10.561875547608432,-10.672039164228057,-10.788285512702684,-10.910798892346456,-11.039778857966384,-11.17544154146161,-11.318021134247855,-11.467771552762569,-11.624968312936232,-11.78991064379688,-11.962923875431809,-12.144362142510385,-12.33461145164629,-12.53409316924575,-12.743267996376378,-12.962640508845576,-13.192764354355512,-13.434248214540256,-13.687762658055618,-13.95404803167773,-14.233923559214956,-14.52829784192301,-14.8381809767732,-15.164698525871517,-15.509107573090425,-15.872815076993705,-16.257398644199444,-16.66462965359451,-17.096498267666476,-17.55523910699841,-18.043354936418595,-18.563633064660607,-19.11914427599504,-19.71320510512482,-20.34926763454779,-21.03067030120311,-21.7601269718657,-22.538730877580768,-23.364080002515383,-24.226883789598777,-25.105204186575754,-25.955892651992357,-26.70546626858478,-27.249851982996077,-27.479810053986625,-27.334446446576116,-26.841313895681502,-26.097412318905167,-25.213828770509878,-24.277248907837198,-23.341995141642634,-22.437293840244635,-21.576617668009895,-20.76458333375129,-20.00118518084198,-19.284183738194812,-18.610392850672866,-17.97634970896203,-17.37864937470738,-16.814100049535188,-16.2797841060485,-15.773070761827256,-15.291605032295942,-14.83328609498016,-14.396241963651393,-13.978803990500353,-13.579482886358216,-13.196946969235361,-12.830002836868905,-12.477578399420642,-12.138708087966494,-11.812520008669162,-11.498224805831292,-11.195106009635797,-10.902511665468666,-10.619847065481366,-10.346568426485323,-10.08217737994839,-9.826216159206169,-9.578263385891464,-9.337930372135828,-9.104857867524334,-8.878713190343273,-8.659187691601618,-8.445994507867814,-8.238866565352172,-8.037554803065651,-7.841826587453978,-7.651464294775394,-7.466264040772151,-7.286034539974763,-7.1105960793521135,-6.9397795930457695,-6.773425826657988,-6.6113845810460035,-6.453514026848151,-6.299680082062932,-6.14975584594626,-6.003621083308378,-5.861161753998411,-5.722269582977674,-5.5868416669160474,-5.454780113710179,-5.325991711727909,-5.20038762593799,-5.077883118395201,-4.958397290823883,-4.84185284728316,-4.728175875108761,-4.617295642513185,-4.509144411391239,-4.403657264024323,-4.30077194250671,-4.2004286998324805,-4.10257016168439,-4.0071411980576945,-3.9140888039333843,-3.8233619882885774,-3.734911670797051,-3.648690585631478,-3.5646531918316544,-3.482755589750039,-3.4029554431286786,-3.325211906399637,-3.2494855568358076,-3.175738331209898,-3.1039334666478267,-3.0340354453879814,-2.9660099431810805,-2.8998237810861403,-2.8354448804371613,-2.772842220772274,-2.711985800532859,-2.652846600354333,-2.595396548783404,-2.539608490268278,-2.4854561552793237,-2.432914132427394,-2.3819578424561367,-2.3325635139929384,-2.2847081609505717,-2.238369561478802,-2.1935262383713328,-2.150157440839651,-2.1082431275704887,-2.0677639509887467,-2.028701242652391,-1.9910369997099702,-1.9547538723554982,-1.9198351522190924,-1.8862647616351558,-1.8540272437331917,-1.8231077532992515,-1.793492048358902,-1.7651664824352167,-1.7381179974378318,-1.7123341171414497,-1.687802941214478,-1.6645131397605586,-1.6424539483379186,-1.6216151634233025,-1.6019871382893047,-1.5835607792655895,-1.5663275423564227,-1.5502794301885054,-1.535408989264976,-1.521709307502879,-1.5091740120332044,-1.4977972672440383,-1.487573773049045,-1.4784987633649753,-1.4705680047834024,-1.463777795423498,-1.4581249639540066,-1.4536068687742465,-1.4502213973452531,-1.447966965663844,-1.4468425178736777,-1.4468475260089821,-1.4479819898680084,-1.450246437014791,-1.4536419229091402,-1.458170031166438,-1.4638328739500495,-1.4706330925008246,-1.478573857809486,-1.4876588714392627,-1.4978923665075141,-1.509279108836668,-1.5218243982862192,-1.5355340702790383,-1.5504144975367589,-1.5664725920405842,-1.5837158072352815,-1.6021521404958385,-1.6217901358776916,-1.6426388871732198,-1.6647080412986501,-1.6880078020373892,-1.7125489341673967,-1.7383427680020616,-1.7654012043758216,-1.7937367201077528,-1.8233623739781994,-1.8542918132557518,-1.8865392808137909,-1.920119622878348,-1.9550482974511472,-1.9913413834544178,-2.029015590646555,-2.068088270360645,-2.1085774271208235,-2.150501731194628,-2.1938805321430292,-2.238733873433411,-2.285082508184822,-2.33294791611905,-2.3823523217957536,-2.4333187142147916,-2.4858708678744392,-2.54003336537995,-2.5958316217034,-2.653291910202636,-2.712441390514858,-2.773308138448466,-2.8359211780060494,-2.900310515681083,-2.9665071771818683,-3.0345432467480644,-3.104451909238073,-3.1762674951799656,-3.2500255289942297,-3.3257627806138395,-3.4035173207462637,-3.483328580042811,-3.565237412463928,-3.6492861631544784,-3.735518741171236,-3.8239806974360677,-3.914719308322669,-4.007783665323287,-4.103224771284081,-4.201095643745305,-4.301451425975017,-4.404349506343598,-4.509849646751881,-4.618014120898698,-4.7289078632554755,-4.842598629707031,-4.95915717092058,-5.078657419620399,-5.2011766930755385,-5.326795912254477,-5.455599839265897,-5.587677334891921,-5.723121638231711,-5.8620306707139385,-6.004507367009657,-6.150660035688421,-6.300602752815475,-6.454455792093567,-6.612346095618218,-6.774407789848336,-6.94078275200815,-7.111621232843342,-7.287082542471152,-7.4673358070092775,-7.652560804764857,-7.842948892038859,-8.038704030085874,-8.240043926501667,-8.447201306338371,-8.660425330623394,-8.879983182749605,-9.106161846489718,-9.339270103260644,-9.579640780836872,-9.827633291117447,-10.083636500947094,-10.348071987560242,-10.621397739167904,-10.90411237177662,-11.1967599457697,-11.499935480346828,-11.814291280825731,-12.140544213172124,-12.479484081820566,-12.831983290301833,-13.199007987964153,-13.581630927157583,-13.981046267819012,-14.398586559592012,-14.835742085632493,-15.294182631282954,-15.775781480352407,-16.282640925477192,-16.817117596153516,-17.38184407408712,-17.979739874307676,-18.61399861623171,-19.288026667609998,-20.0052872282209,-20.768964551924036,-21.581291540170273,-22.442258205444382,-23.347215273684693,-24.282627765551226,-25.219160245163835,-26.10232472934197,-26.845247848792198,-27.33676360853241,-27.48008312732688,-27.24813554996706,-26.702244325123505,-25.951774919950555,-25.100688597738095,-24.222293700996346,-23.359596861162082,-22.53444440363943,-21.7560738980052,-21.026858770658755,-20.345691268381994,-19.709850758889733,-19.115996194476693,-18.560675042353914,-18.04057139049408,-17.55261556379866,-17.094021537546947,-16.66228784445517,-16.255181095733146,-15.87071226009468,-15.507110978130545,-15.162800552094444,-14.836374828742859,-14.52657743551486,-14.232283437794182,-13.952483292160478,-13.68626888610072,-13.432821427943516,-13.19140095369052,-12.961337234440215,-12.742021890794534,-12.532901544535136,-12.333471860705078,-12.14327235401127,-11.961881851819452,-11.788914521943232,-11.624016387097349,-11.466862259531926,-11.317153039244964,-11.174613327532049,-11.038989314701329,-10.910046906756845,-10.7875700609063,-10.67135930402737,-10.561230411853833,-10.457013229723133,-10.358550618348591,-10.265697510315055,-10.178320064907885,-10.096294910522674,-10.019508465309794,-9.947856327919903,-9.881242731262951,-9.819580053100616,-9.762788378080154,-9.710795106505373,-9.663534605742353,-9.62094790068651,-9.582982400184928,-9.549591656722189,-9.52073515704796,-9.496378141756775,-9.476491452130812,-9.461051402830522,-9.450039679270095,-9.44344325874913,-9.441254354632267,-0.6195763799264411,-1.6293351128859506,-0.9036403187488846,0.9109131236728835,0.9886926340168165,1.44623252691218
-12.263648042972033,-12.26656339527777,-12.27550620876612,-12.290491728942376,-12.311545531092031,-12.338703662630355,-12.372012844888026,-12.411530736614028,-12.457326262196398,-12.509480008371504,-12.56808469402737,-12.633245718620083,-12.705081795731017,-12.783725679413312,-12.86932499222877,-12.962043165281639,-13.062060502135989,-13.16957538028344,-13.284805605830783,-13.407989939327468,-13.53938981316941,-13.679291263811528,-13.828007105093999,-13.985879372310013,-14.15328207014742,-14.330624261187593,-14.518353534998237,-14.716959900598834,-14.926980146522267,-15.14900271173512,-15.383673105533562,-15.63169990236971,-15.893861313888284,-16.17101229812592,-16.464092093495356,-16.77413194474236,-17.102262590545916,-17.44972076122708,-17.817853414844734,-18.208117598636843,-18.62207246158546,-19.061357739437778,-19.527649461734907,-20.022577852477976,-20.547583105483326,-21.10366999030992,-21.69099960117425,-22.308223848393595,-22.95142721275956,-23.612506844021397,-24.27685200676406,-24.92041896874933,-25.506997973626362,-25.987841299077626,-26.307235226745714,-26.416451727433493,-26.291961731601155,-25.946096217237145,-25.421307307728757,-24.77293701590025,-24.052980935017597,-23.301866507095287,-22.547322541169592,-21.80666643338504,-21.089806919173107,-20.40179262226286,-19.744649116724624,-19.118600042023882,-18.52284301421035,-17.956029032373365,-17.416552511597015,-16.902723081115887,-16.412864538828696,-15.945369348635548,-15.498726257005377,-15.071531858775895,-14.66249276619747,-14.270422457351497,-13.89423528873904,-13.53293917355562,-13.185627819191497,-12.851473041825008,-12.529717444560426,-12.21966760398159,-11.920687824458991,-11.632194468985801,-11.353650846527517,-11.084562620554825,-10.824473696366674,-10.572962542709043,-10.329638903986165,-10.09414086175006,-9.866132207338874,-9.64530009102596,-9.431352916547704,-9.224018453234386,-9.023042141087018,-8.828185566985862,-8.63922509277398,-8.455950618239712,-8.278164464042394,-8.105680361408126,-7.93832253698991,-7.775924882662613,-7.618330201229578,-7.46538952007476,-7.3169614657204,-7.172911693061691,-7.0331123637613056,-6.897441668910812,-6.765783391613896,-6.638026505628156,-6.514064806625848,-6.393796573007386,-6.277124253530798,-6.163954179310988,-6.054196298000043,-5.947763928187467,-5.844573532261199,-5.744544506149652,-5.647598984524467,-5.553661660185557,-5.462659616476671,-5.374522171692755,-5.289180734541212,-5.206568669809779,-5.126621173474542,-5.049275156554469,-4.974469137083922,-4.902143139633482,-4.832238601862048,-4.764698287630862,-4.699466206252982,-4.636487537490302,-4.575708561945309,-4.517076596526141,-4.460539934692029,-4.406047791211965,-4.3535502511926545,-4.3029982231527155,-4.2543433959391,-4.207538199298668,-4.162535767933299,-4.119289908880567,-4.077755072074526,-4.037886323952033,-3.9996393239800128,-3.9629703039876585,-3.927836050195351,-3.89419388783877,-3.8620016682924674,-3.831217758602305,-3.8018010333402907,-3.7737108686990064,-3.7469071387456134,-3.7213502137577583,-3.6970009605653606,-3.6738207448234443,-3.651771435141913,-3.630815408998289,-3.6109155603594156,-3.592035308937444,-3.5741386110046713,-3.557189971690515,-3.54115445868258,-3.5259977172520856,-3.5116859865220684,-3.4981861168948587,-3.48546558855326,-3.4734925309476212,-3.4622357431789723,-3.4516647151861584,-3.441749649642794,-3.432461484467903,-3.4237719158522557,-3.4156534217005907,-3.408079285388552,-3.401023619731825,-3.3944613910639534,-3.3883684433187513,-3.3827215220127327,-3.377498298023158,-3.3726773910575565,-3.3682383927116195,-3.36416188901339,-3.360429482353562,-3.3570238127038166,-3.353928578027719,-3.3511285537918827,-3.348609611488617,-3.3463587360853646,-3.344364042320672,-3.34261478977147,-3.3411013966216347,-3.3398154520677408,-3.3387497273039077,-3.3378981850341116,-3.3372559874672234,-3.3368195027569203,-3.3365863098559707,-3.3365552017618842,-3.3367261871383915,-3.3371004903050627,-3.337680549594947,-3.338470014088047,-3.339473738735947,-3.340697777900625,-3.34214937733794,-3.343836964663459,-3.345770138345446,-3.347959655276554,-3.350417416982188,-3.35315645452974,-3.356190912208536,-3.359536030055803,-3.363208125308783,-3.367224572867742,-3.3716037848585536,-3.376365189387205,-3.3815292085816404,-3.3871172360189887,-3.3931516136384063,-3.3996556082415488,-3.4066533876837957,-3.414169996860368,-3.4222313335917476,-3.4308641245129703,-3.4400959010708614,-3.4499549757328163,-3.4604704185095407,-3.471672033893034,-3.483590338309586,-3.496256538185757,-3.509702508723575,-3.523960773479043,-3.5390644848360657,-3.555047405465661,-3.571943890858213,-3.589788873014334,-3.6086178453778905,-3.628466849092715,-3.649372460662717,-3.671371781093438,-3.694502426591706,-3.7188025208988447,-3.74431068933193,-3.7710660546072408,-3.7991082345196157,-3.8284773415518636,-3.859213984488929,-3.8913592721127244,-3.924954819055193,-3.96004275388946,-3.9966657295417902,-4.034866936110518,-4.074690116182498,-4.116179582742481,-4.15938023977673,-4.204337605678876,-4.2510978395736005,-4.299707770682562,-4.350214930866615,-4.402667590489503,-4.4571147977604415,-4.5136064217268,-4.5721931991033085,-4.632926785141309,-4.695859808760324,-4.761045932185189,-4.828539915355095,-4.898397685396539,-4.970676411480557,-5.045434585416057,-5.122732108365799,-5.202630384110178,-5.285192419326654,-5.370482931400151,-5.458568464332204,-5.5495175133752594,-5.643400659083497,-5.740290711543921,-5.840262865632138,-5.943394868227374,-6.049767198421837,-6.1594632618719665,-6.272569600565355,-6.3891761194183765,-6.509376331278343,-6.633267622082566,-6.760951538127882,-6.892534097630555,-7.028126129013193,-7.167843638643838,-7.311808211080988,-7.460147445249271,-7.612995430392387,-7.7704932661290815,-7.932789631482997,-8.10004140837816,-8.272414365799115,-8.450083911621785,-8.633235920041955,-8.822067643578782,-9.016788719830124,-9.217622284523662,-9.42480620396549,-9.638594441758233,-9.859258576667523,-10.087089490780057,-10.3223992496351,-10.565523198832775,-10.816822304715867,-11.0766857700506,-11.345533959106461,-11.623821669993779,-11.9120417952683,-12.210729414170665,-12.520466360637538,-12.84188630911737,-13.175680413196352,-13.522603516827987,-13.883480929392334,-14.259215705677038,-14.650796287116757,-15.05930422041536,-15.485921440621453,-15.931936234093813,-16.39874639568042,-16.88785712279547,-17.40086961746299,-17.939453822882907,-18.5052946013765,-19.099994008423636,-19.724901662718732,-20.38082845486028,-21.067573457571438,-21.783158374214217,-22.522622636142053,-23.276209613950808,-24.026845868918155,-24.74715703423092,-25.397154183009963,-25.925235966948726,-26.27615799067027,-26.407023971584287,-26.304558318579602,-25.991262704541903,-25.515210246853883,-24.931962052643975,-24.29045259726996,-23.62720056361335,-22.966545264068703,-22.32332948910742,-21.705821137565206,-21.118046853923186,-20.561427119567504,-20.035846940737052,-19.540330328148578,-19.073454642577282,-18.633600008462956,-18.219096151441274,-17.828306185155856,-17.459671991380823,-17.111736434831887,-16.78315180073916,-16.472680222311613,-16.179189629164096,-15.901647366375855,-15.639112779594893,-15.390729533117685,-15.155718101322105,-14.9333686728495,-14.723034584241216,-14.524126325925925,-14.336106120153364,-14.158483046151444,-13.990808675194003,-13.83267317283722,-13.683701824431791,-13.54355194133742,-13.411910107924005,-13.288489732742615,-13.17302887076412,-13.065288287064627,-12.965049735645508,-12.87211443013932,-12.786301685944059,-12.707447715842441,-12.635404563412092,-12.57003916053619,-12.511232497104315,-12.45887889257519,-12.412885360479393,-12.37317105819411,-12.339666815444236,-12.312314735993844,-12.291067867906735,-12.275889938590513,-12.26675515160953,-12.263648042972033,-1.316587674346757,-1.125167776388525,-1.8589644968133696,1.4407843082306095,1.0836013322375868,1.0519872900433223
-0.638421115313456,-0.6407424213844338,-0.6477178602602507,-0.6593549717989323,-0.675666363938227,-0.6966697523577998,-0.7223880163104439,-0.7528492708604666,-0.7880869558314769,-0.8281399418257923,-0.873052653732012,-0.9228752121841992,-0.9776635934721176,-1.0374798084245531,-1.102392100791286,-1.1724751656281232,-1.2478103881358418,-1.328486103307077,-1.4145978765822078,-1.5062488054886507,-1.6035498419149505,-1.7066201342229868,-1.8155873877895854,-1.9305882417447924,-2.05176865857239,-2.1792843217766062,-2.313301034887399,-2.4539951125330073,-2.6015537509663984,-2.7561753610470436,-2.918069840931116,-3.0874587581903086,-3.2645754012088375,-3.449664646770771,-3.6429825737879877,-3.8447957308713496,-4.05537993625989,-4.275018450327252,-4.503999310658357,-4.742611553879862,-4.991139962364348,-5.249857861735569,-5.519017349582671,-5.798836148486051,-6.089480038122478,-6.391039523134438,-6.70349903032526,-7.02669650447857,-7.3602708105210946,-7.703593913449797,-8.055684529119976,-8.415100069878887,-8.779804686422075,-9.147013731747993,-9.513020056903564,-9.873016434467695,-10.22094215907914,-10.549400343974604,-10.849712353261477,-11.112188402347183,-11.326683326393002,-11.48345637761419,-11.574257353607202,-11.593441878156817,-11.538835716569132,-11.412088898446136,-11.218404227900287,-10.965729118815744,-10.663657111081783,-10.322323627480595,-9.951508207664427,-9.560036802490936,-9.155475805790443,-8.744052947537197,-8.330725646681358,-7.919327965302326,-7.512746893948431,-7.113097654744092,-6.721882157951376,-6.340124245882461,-5.968480883495452,-5.607331261127895,-5.256846914699221,-4.91704618394761,-4.5878360884637575,-4.269044276621175,-3.9604432395156444,-3.661768550667723,-3.3727325202729697,-3.0930343460407284,-2.822367596678519,-2.56042567038472,-2.3069057200322294,-2.0615114204535665,-1.8239548639938676,-1.5939578022330314,-1.3712523996663226,-1.1555816253957247,-0.9466993785957885,-0.7443704204314622,-0.5483701675032876,-0.3584843884700131,-0.17450883525445526,0.0037511675804147793,0.1764811576662739,0.34385798081109287,0.5060502385371362,0.6632187302309349,0.8155168849733418,0.9630911796432788,1.106081541042202,1.2446217306527256,1.378839711291941,1.5088579953985357,1.6347939750422142,1.7567602339947317,1.874864842377058,1.9892116345155695,2.0999004707146645,2.2070274836955552,2.3106853104686604,2.410963310407122,2.5079477702756754,2.6017220969468617,2.6923669985077887,2.779960654427702,2.8645788754212766,2.946295253605772,3.025181303513222,3.1013065944821623,3.17473887491761,3.2455441888734073,3.313786985377873,3.3795302208922657,3.442835455261589,3.503762941489282,3.5623717096410252,3.6187196451581443,3.6728635618383816,3.724859269720497,3.774761638089493,3.822624653801361,3.868501475109448,3.9124444811596497,3.9545053173076417,3.9947349363991136,4.033183636142664,4.069901092695106,4.104936390570089,4.138338048973268,4.17015404466065,4.200431831411086,4.229218356199331,4.256560072152416,4.282502948369304,4.307092476681931,4.330373675434736,4.352391090359458,4.373188792622536,4.392810374123747,4.411298940126443,4.428697099302562,4.445046951278465,4.460390071771525,4.474767495411478,4.488219696345191,4.500786566728475,4.512507393213917,4.523420831549244,4.533564879406558,4.542976847568583,4.551693329604064,4.559750170170382,4.5671824320871535,4.5740243623303805,4.58030935710185,4.586069926133796,4.591337656393117,4.596143175353864,4.600516114009969,4.6044850698032755,4.608077569643977,4.611320033201983,4.61423773664831,4.616854777025176,4.619194037422266,4.621277153134279,4.623124478971662,4.624755057892153,4.62618659111534,4.627435409876195,4.628516448966121,4.6294432222016635,4.63022779995182,4.630880788844522,4.631411313761901,4.631827002222037,4.63213397123228,4.632336816686085,4.632438605361592,4.632440869565841,4.632343604454273,4.632145268040195,4.631842783894189,4.6314315465185905,4.630905429367358,4.630256795467273,4.62947651058213,4.628553958847926,4.627477060793809,4.626232293650977,4.624804713839908,4.623177981515173,4.621334387036892,4.619254879228549,4.616919095272632,4.614305392088065,4.611390879027121,4.608151451724271,4.6045618269249005,4.60059557811891,4.596225171801574,4.591422004183058,4.586156438167483,4.580397840422988,4.574114618365753,4.5672742568828975,4.559843354622274,4.551787659680579,4.543072104525352,4.533660839991061,4.523517268194437,4.512604074219654,4.500883256429557,4.488316155264874,4.474863480399427,4.4604853361250605,4.445141244846128,4.4287901685689235,4.411390528277224,4.392900221090192,4.373276635104104,4.352476661823822,4.330456706094127,4.307172693444788,4.282580074766243,4.256633828235411,4.229288458413007,4.2004979924349835,4.1702159732211825,4.138395449624078,4.104988963439368,4.069948533198343,4.033225634659157,3.994771177910421,3.9545354809959714,3.912468239964003,3.8685184952371032,3.8226345941920177,3.774764149829162,3.7248539954018263,3.672850134863884,3.6186976889822158,3.562340836946411,3.5037227532929585,3.4427855399446194,3.3794701531474978,3.313716325068643,3.2454624797957266,3.17464564345729,3.101201348157487,3.0250635293926402,2.9461644165887755,2.8644344163693223,2.779801988130397,2.6921935114678206,2.60153314496506,2.50774267581539,2.4107413597144705,2.3104457504221902,2.206769518355598,2.0996232575387124,1.9889142802017181,1.87454639829244,1.7564196911402084,1.6344302584978871,1.508469958187142,1.3784261275883878,1.2441812882579155,1.1056128330277275,0.9625926950600452,0.8149869985015252,0.6626556906306891,0.5054521557383903,0.3432228114564015,0.17580668889222953,0.0030349987902871228,-0.17526931291281442,-0.3592920152516,-0.5492280412212105,-0.7452819260630456,-0.9476682218523484,-1.1566118708497437,-1.3723485141225047,-1.595124704135746,-1.8251979797835758,-2.0628367489181993,-2.308319905846023,-2.561936088181873,-2.8239824471656587,-3.094762765796981,-3.3745847069968664,-3.6637559056691957,-3.962578529159293,-4.271341814110638,-4.590311936671693,-4.919718378720942,-5.259735705873987,-5.610459364882123,-5.971873733944415,-6.343810224982459,-6.725892769486357,-7.117467588738919,-7.517513900415185,-7.9245324192555735,-8.336409639914033,-8.750258690866723,-9.162243080885153,-9.567399192068727,-9.959487904663106,-10.33092484602329,-10.672858563184704,-10.975476692008916,-11.228605758163548,-11.422613405227802,-11.549519116185941,-11.604099667032685,-11.58470237460846,-11.493517674433356,-11.336221529364689,-11.121104473131723,-10.857948995122433,-10.556937578714301,-10.227789602767706,-9.879204674614904,-9.518592775053145,-9.152021371751385,-8.78429983808319,-8.419134383043408,-8.059306835008242,-7.706849220817324,-7.363199894221152,-7.029335870508961,-6.705881103480211,-6.393192953306048,-6.0914300582319845,-5.800604942866768,-5.520624408975266,-5.251320312285618,-4.99247286303801,-4.74382816094,-4.505111310255831,-4.276036161527509,-4.056312487386478,-3.845651212190964,-3.6437681694683857,-3.4503867488267472,-3.265239707881066,-3.088070358918118,-2.9186332898050464,-2.7566947403734563,-2.6020327263478698,-2.454436980667422,-2.3137087651136454,-2.179660592243944,-2.052115887781359,-1.930908616097165,-1.815882885690974,-1.7068925472019254,-1.6038007931545681,-1.5064797661094205,-1.414810179965567,-1.3286809577080352,-1.247988887797476,-1.1726383005807148,-1.102540765493096,-1.0376148093793516,-0.9777856559396231,-0.9229849860833743,-0.8731507188232379,-0.8282268122457641,-0.7881630840441676,-0.7529150510782857,-0.7224437874316578,-0.6967158004591205,-0.6757029243551137,-0.6593822308204373,-0.6477359564599682,-0.6407514466044262,-0.6384211153134544,-0.3529536113898324,-1.7565436348451988,-0.8907419770322933,1.5009027250478262,1.4503853636926283,1.903007235985374
-1.3874058783771042,-1.3896219834831411,-1.3963194983996405,-1.4075053128784396,-1.4231909440838981,-1.4433925770573397,-1.468131121746683,-1.4974322869595944,-1.5313266717041478,-1.569849874489693,-1.613042621271896,-1.6609509128406033,-1.7136261925673226,-1.771125535550369,-1.8335118603203437,-1.9008541643950578,-1.9732277851008329,-2.050714687203628,-2.133403779016069,-2.2213912587608675,-2.314780993071066,-2.4136849295848966,-2.518223545636241,-2.628526335034861,-2.7447323348523063,-2.866990693951375,-2.995461284678954,-3.1303153586326706,-3.2717362466388042,-3.419920101947062,-3.5750766840276538,-3.737430178072607,-3.9072200421203993,-4.084701869319779,-4.270148246791161,-4.46384958423958,-4.666114874117008,-4.87727232962234,-5.097669825659423,-5.32767503898522,-5.5676751443427275,-5.818075869509874,-6.079299638590433,-6.351782432261955,-6.635968856191873,-6.932304721090076,-7.241226182094927,-7.563144138166834,-7.8984221245813035,-8.2473453085972,-8.610077382907736,-8.986601114224179,-9.376637046477015,-9.779533459074019,-10.194119390360978,-10.61851194057024,-11.049870357034825,-11.484094743182023,-11.91548011590443,-12.33636167017459,-12.736828748544085,-13.104641912457378,-13.425543133227011,-13.684160581385271,-13.865610883021864,-13.957647744791258,-13.952857235395012,-13.850169509929643,-13.655086602890716,-13.378529833841878,-13.03477906144171,-12.639239408915234,-12.206633929707426,-11.749880570666837,-11.279613958654826,-10.804166566530755,-10.329807992430666,-9.861088803249213,-9.401194742133255,-8.952264183760594,-8.51565173102008,-8.092137059510963,-7.682085394113846,-7.285568279111811,-6.902453136390215,-6.532468949942195,-6.17525401144457,-5.830390344886749,-5.497428318668041,-5.175904070348112,-4.865351689300471,-4.5653115897818655,-4.275336125256193,-3.9949932129864334,-3.7238685308216253,-3.4615666963534117,-3.207711727556836,-2.9619470027822423,-2.723934878514928,-2.4933560797993533,-2.2699089463490236,-2.0533085940075333,-1.843286034112073,-1.6395872807747018,-1.4419724669249014,-1.250214983258652,-1.064100649363831,-0.8834269227587739,-0.7080021490380806,-0.5376448545070385,-0.37218308141062534,-0.2114537649830017,-0.055302150953301106,0.09641874823537278,0.2438486604615312,0.3871205262980832,0.5263609388403291,0.6616905530881035,0.7932244669238444,0.9210725756465565,1.0453399019241671,1.166126902920714,1.2835297562450154,1.397640626256923,1.508547912159519,1.616336479200804,1.7210878742088684,1.8228805265902406,1.9217899358324497,2.0178888464690905,2.111247411388753,2.2019333442976543,2.2900120620801605,2.37554681774021,2.458598824551074,2.5392273719892193,2.6174899339810977,2.693442269948348,2.767138519097505,2.8386312883641507,2.907971734388441,2.9752096398688654,3.0403934846137934,3.1035705115852634,3.1647867882068748,3.2240872631871254,3.2815158190907256,3.3371153208736946,3.3909276605827188,3.4429937984054653,3.4933538002463593,3.542046871991026,3.589111390612918,3.6345849322667134,3.678504297505251,3.720905533750008,3.7618239551388717,3.8012941598699106,3.8393500451550566,3.876024819893895,3.9113510151743034,3.9453604927039176,3.9780844512741065,4.009553431356217,4.039797317928417,4.068845341630164,4.09672607834062,4.123467447276528,4.14909670770475,4.173640454364362,4.197124611693031,4.219574426952326,4.241014462346687,4.261468586230616,4.280959963498729,4.299511045253174,4.317143557842723,4.333878491367534,4.349736087743115,4.364735828416425,4.378896421826106,4.39223579069787,4.404771059264732,4.416518540500103,4.427493723450118,4.437711260749172,4.447184956400436,4.45592775390021,4.463951724782023,4.471268057652943,4.47788704779105,4.483818087368799,4.489069656363085,4.493649314207956,4.4975636922414255,4.500818486992527,4.503418454349771,4.5053674046464,4.506668198692482,4.5073227447779205,4.50733199666452,4.506695952579406,4.505413655215885,4.503483192741715,4.500901700808819,4.4976653655521766,4.4937694275598385,4.489208186789913,4.483975008404696,4.478062329486473,4.471461666593899,4.464163624112884,4.456157903350574,4.447433312316419,4.4379777761297134,4.427778347988766,4.416821220632842,4.405091738224433,4.392574408575962,4.379252915642037,4.3651101321956345,4.350128132604045,4.334288205618416,4.31757086708875,4.299955872514727,4.281422229341355,4.261948208907353,4.241511357953457,4.220088509597034,4.197655793678999,4.174188646388766,4.149661819072702,4.124049386131411,4.097324751911311,4.069460656495752,4.040429180301043,4.01020174738259,3.978749127356336,3.946041435840243,3.91204813332028,3.8767380223446612,3.840079242949279,3.802039266215984,3.7625848858639928,3.721682207772777,3.67929663733245,3.6353928645148943,3.5899348465555736,3.542885788132037,3.4942081189205885,3.4438634684072578,3.39181263782329,3.3380155690683972,3.2824313104772025,3.2250179792756004,3.16573272056379,3.104531662651701,3.041369868560188,2.976201283487689,2.90897867802675,2.839653586897968,2.7681762429503687,2.6944955061564246,2.618558787307676,2.5403119660915325,2.4596993032028664,2.3766633461136824,2.291144828091349,2.2030825600198196,2.1124133145386295,2.0190717019715816,1.9229900374697049,1.8240981987418967,1.7223234736907438,1.6175903972101768,1.5098205763360075,1.3989325028687596,1.2848413525116813,1.1674587694839154,1.0466926354803439,0.9224468217555741,0.7946209230097308,0.6631099716496116,0.5278041308904915,0.3885883650540292,0.2453420853077223,0.09793876898555903,-0.05375444946785572,-0.20987721796913572,-0.3705764387804656,-0.5360067751221466,-0.706331194493709,-0.8817215506693755,-1.062359206109477,-1.248435696151234,-1.4401534357535115,-1.6377264686916024,-1.8413812578254611,-2.0513575132557444,-2.267909052644161,-2.491304684449473,-2.7218290999648014,-2.9597837533585905,-3.2054876997693826,-3.459278348996831,-3.7215120752564568,-3.9925646001638917,-4.272831034315205,-4.562725419415406,-4.862679553604764,-5.173140801590557,-5.494568480418418,-5.827428260364047,-6.172183813891178,-6.529284664557299,-6.899148807110223,-7.282138158671003,-7.678524222779426,-8.08844046712017,-8.511816808816354,-8.948290286999931,-9.397084600457699,-9.856850030101858,-10.325455089603228,-10.799723499763656,-11.27511730740942,-11.745383087285974,-12.202208029208862,-12.634979622190698,-13.03080189150577,-13.374969041839648,-13.65208228027967,-13.847850979365976,-13.95132282995358,-13.956947410107617,-13.865737938580862,-13.685055679034273,-13.427108272388757,-13.106758797124865,-12.73937568675372,-12.339225636604619,-11.918563346687773,-11.487316933483406,-11.053168045466188,-10.621836462367675,-10.197434342706444,-9.782812215360652,-9.379860569546508,-8.989756147501994,-8.613155010072242,-8.250339834652197,-7.901330220761885,-7.565964195713105,-7.243957827659953,-6.93494845541884,-6.638525785936277,-6.35425407174409,-6.081687763902995,-5.820382411685657,-5.569902111645994,-5.329824460887095,-5.0997437129432015,-4.879272646471789,-4.66804351909107,-4.465708377819228,-4.2719389237679675,-4.086426074731158,-3.9088793297620636,-3.739026010862582,-3.576610435678554,-3.4213930595409545,-3.2731496138017753,-3.131670259084098,-2.9967587659889987,-2.868231731384199,-2.7459178352060127,-2.629657140413952,-2.519300437111448,-2.414708630709237,-2.3157521732316195,-2.222310536353507,-2.13427172443631,-2.051531825650867,-1.9739945991962415,-1.9015710966156842,-1.8341793152532417,-1.771743881971569,-1.7141957653510367,-1.6614720147041742,-1.613515524362175,-1.5702748218162796,-1.5317038784247206,-1.4977619415222505,-1.4684133868937335,-1.4436275906946296,-1.423378820019236,-1.4076461414321915,-1.3964133468901108,-1.3896688965887756,-1.387405878377106,-1.2923053356824707,-1.5231015817476827,-1.3291515048588287,1.3147731769422586,1.5170903362483035,1.6938488439352564
-20.159391294581113,-20.16420061536543,-20.178619500777117,-20.2026908126518,-20.236486353336367,-20.28010753093683,-20.333686306830856,-20.397386442856185,-20.471405071322177,-20.555974617335476,-20.651365110043088,-20.75788692745169,-20.875894028663573,-21.005787737864665,-21.148021156377222,-21.303104292675275,-21.47161001546891,-21.65418095160179,-21.851537467985473,-22.06448689381801,-22.293934153353142,-22.54089398576326,-22.806504918626924,-23.092045120094035,-23.398950155096617,-23.72883246604273,-24.08350200538496,-24.464986719634286,-24.875550260692393,-25.3177019128077,-25.794189428017358,-26.307957731568507,-26.862042528771426,-27.459342780542656,-28.102171294153383,-28.791404774629143,-29.524926688361536,-30.294874672255368,-31.083049235646364,-31.854088631301522,-32.54774304313408,-33.076432370025145,-33.34059567838401,-33.26880494974694,-32.8593548927266,-32.18136897865107,-31.334154124820163,-30.406272736965064,-29.459147068555595,-28.529028653443127,-27.63467273921817,-26.784250501402926,-25.98003248891871,-25.22120595303507,-24.505471513218954,-23.829915783867186,-23.19147338580202,-22.58716132492557,-22.014189025359578,-21.47000148076844,-20.952287289235866,-20.458969052096748,-19.988185688858884,-19.538271815698103,-19.10773688663823,-18.69524543879405,-18.299599036084402,-17.9197201019505,-17.554637620545602,-17.2034745826832,-16.86543700935458,-16.539804374454157,-16.2259212539291,-15.923190042133935,-15.631064592856255,-15.349044659660354,-15.076671026529391,-14.813521234656015,-14.559205824420662,-14.313365023107922,-14.075665818852542,-13.845799369835877,-13.623478705039034,-13.408436679068085,-13.200424148851141,-12.999208344503055,-12.804571410480152,-12.616309096406368,-12.434229579731506,-12.258152404755316,-12.087907524580668,-11.923334434298392,-11.76428138519855,-11.610604671087037,-11.462167978892223,-11.318841796701694,-11.180502873195286,-11.047033723157213,-10.918322174372099,-10.79426095175167,-10.674747295011162,-10.559682606627518,-10.448972127172805,-10.342524635433723,-10.240252171006807,-10.142069777304602,-10.047895263124815,-9.957648981126173,-9.871253621724462,-9.788634021072953,-9.70971698192546,-9.634431106299651,-9.562706638965022,-9.494475320875086,-9.429670251749185,-9.368225761085801,-9.310077286958752,-9.25516126200985,-9.203415006108145,-9.154776625197073,-9.109184915897192,-9.066579275474936,-9.026899616825961,-8.990086288157793,-8.956079997088498,-8.924821738908575,-8.896252728780693,-8.870314337677865,-8.846948031884436,-8.82609531590661,-8.807697678660096,-8.791696542822056,-8.778033217252831,-8.766648852410379,-8.757484398696619,-8.750480567690428,-8.745577796236566,-8.742716213373875,-8.741835610099038,-8.742875411974698,-8.745774654602563,-8.750471961992915,-8.756905527872602,-8.765013099983,-8.774731967428401,-8.785998951143494,-8.798750397555807,-8.81292217552552,-8.82844967665056,-8.845267819029484,-8.863311054578118,-8.882513379998343,-8.902808351498512,-8.924129103364937,-8.946408370482338,-8.969578514898213,-8.993571556521513,-9.018319208040007,-9.043752914132778,-9.069803895044735,-9.096403194578704,-9.123481732547162,-9.150970361710748,-9.178799929213351,-9.206901342504683,-9.235205639720185,-9.263644064465527,-9.292148144928179,-9.320649777212434,-9.349081312766536,-9.377375649741191,-9.40546632808869,-9.433287628180254,-9.460774672687464,-9.487863531441015,-9.514491328947605,-9.540596354213504,-9.56611817249164,-9.59099773853848,-9.61517751093779,-9.63860156702098,-9.661215717888743,-9.68296762301627,-9.70380690390522,-9.723685256229786,-9.742556559912467,-9.760376986557574,-9.777105103667488,-9.792701975068399,-9.807131256979119,-9.820359289168369,-9.832355180663106,-9.843090889492709,-9.85254129598136,-9.860684269133253,-9.867500725692475,-9.87297468150102,-9.877093294824014,-9.879846901360507,-9.881229040710602,-9.881236474124766,-9.879869193417836,-9.877130420988841,-9.873026600946385,-9.867567381398489,-9.860765588023915,-9.852637189099053,-9.843201252209258,-9.83247989292622,-9.820498215781884,-9.80728424791547,-9.792868865811494,-9.777285715583972,-9.76057112729442,-9.74276402381868,-9.723905824799935,-9.704040346242387,-9.68321369631206,-9.661474167917884,-9.63887212864806,-9.615459908633714,-9.591291686904235,-9.566423376787005,-9.540912510888417,-9.514818126173939,-9.488200649642682,-9.461121785066762,-9.433644401238565,-9.405832422139703,-9.377750719415001,-9.349465007502983,-9.321041741742368,-9.292548019741233,-9.264051486263313,-9.23562024185381,-9.207322755395747,-9.179227780757559,-9.151404277663483,-9.123921336890508,-9.096848109869374,-9.070253742742626,-9.044207314909835,-9.018777782069273,-8.994033923746168,-8.970044295280687,-8.946877184233418,-8.924600571153032,-8.90328209463913,-8.882989020623967,-8.863788215788711,-8.845746125023755,-8.828928752838285,-8.813401648621099,-8.799229895653319,-8.786478103773451,-8.775210405596432,-8.765490456190623,-8.75738143612027,-8.75094605776544,-8.746246574837048,-8.743344795010971,-8.742302095612612,-8.743179442291373,-8.746037410633441,-8.750936210670858,-8.757935714255238,-8.767095485275505,-8.77847481271078,-8.792132746521945,-8.808128136398546,-8.826519673391516,-8.847365934476999,-8.87072543011178,-8.896656654857365,-8.925218141167036,-8.956468516448457,-8.990466563534177,-9.027271284713011,-9.066941969497654,-9.10953826632782,-9.155120258433808,-9.203748544113184,-9.255484321703278,-9.31038947956467,-9.368526691426357,-9.429959517481961,-9.494752511668548,-9.562971335606239,-9.634682879727801,-9.709955392183755,-9.788858616170916,-9.871463936401389,-9.957844535505506,-10.048075561247913,-10.142234305530899,-10.240400396265791,-10.34265600331217,-10.44908605981858,-10.559778500448825,-10.674824518147181,-10.794318841287286,-10.918360033265513,-11.047050816844951,-11.180498425833827,-11.318814986998987,-11.46211793547546,-11.610530467344615,-11.764182033524735,-11.923208879657698,-12.087754637295479,-12.257970972404468,-12.434018298028475,-12.616066558903064,-12.804296096915287,-12.998898607581266,-13.20007819919989,-13.408052568071549,-13.623054305190266,-13.845332352177648,-14.075153626990542,-14.312804843172671,-14.55859455022216,-14.812855427110128,-15.075946866228682,-15.348257891202904,-15.630210459218024,-15.922263206953687,-16.224915709041582,-16.538713329321496,-16.864252758156894,-17.20218834367122,-17.55323934073627,-17.918198218235688,-18.2979401811438,-18.693434076609364,-19.105754857548888,-19.536097764326325,-19.985794339168393,-20.456330281345913,-20.949364935247516,-21.46675179281599,-22.010558635395814,-22.583084569398856,-23.18686874487846,-23.824681121114107,-24.49947769586419,-25.21428832748387,-25.971979639185825,-26.774789906192048,-27.623453828463948,-28.515606460784756,-29.442976588061185,-30.38673934575133,-31.31069175612427,-32.15373865392368,-32.82809350093345,-33.23558720740606,-33.307966437652084,-33.046791851848766,-32.52243262961409,-31.833303722488612,-31.066301447332883,-30.281448840832805,-29.51413135853084,-28.78266167686993,-28.095026024099678,-27.453447450476986,-26.85713295387146,-26.303833058673092,-25.79069603909975,-25.314721329347787,-24.87299024063622,-24.46277474595309,-24.081580518451236,-23.727155354699168,-23.397480155046743,-23.090751868614987,-22.805363486981094,-22.539883761968337,-22.293037984084485,-22.063690419651802,-21.8508286041696,-21.653549479324088,-21.471047257743734,-21.30260285557248,-21.147574721119522,-21.00539089284078,-20.875542133007635,-20.757575999779753,-20.65109173739536,-20.55573588047718,-20.471198483399426,-20.397209899052665,-20.333538043175867,-20.27998609081127,-20.23639056053737,-20.202619750129408,-20.178572494362626,-20.164177221982985,-20.15939129458111,-0.1678213639479731,-1.396128661770918,-0.3986228158952114,1.935863256606988,0.5668863304002447,1.1765939304008715
-0.8853392369271827,-0.8881331405266091,-0.896499873040868,-0.9104504293873201,-0.9300031420530432,-0.9551837319446488,-0.986025379261545,-1.0225688141695521,-1.0648624269328597,-1.1129623969995097,-1.1669328403129355,-1.2268459738218955,-1.2927822957597979,-1.3648307797332846,-1.4430890799616771,-1.527663744096765,-1.61867042886622,-1.7162341122466696,-1.8204892938851294,-1.9315801729234772,-2.049660789075281,-2.17489510854783,-2.307457030920793,-2.4475302860359376,-2.5953081808648286,-2.750993144616573,-2.914796005269666,-3.0869349112858444,-3.2676337872417305,-3.457120179901672,-3.6556223098350116,-3.86336509052877,-4.080564808954036,-4.307422074984329,-4.5441125376403315,-4.7907747292219796,-5.047494229630182,-5.314283139739117,-5.591053615621884,-5.877583954004767,-6.173475458268874,-6.478098105782286,-6.790522979239407,-7.10943968686781,-7.433057853661324,-7.758993630019832,-8.084145592147397,-8.404570035450257,-8.715373969670203,-9.01065492207832,-9.28352819583631,-9.526290131315783,-9.730762640232436,-9.888840717869128,-9.993215434822668,-10.038176899407912,-10.020339624561075,-9.939112788447463,-9.796785376694373,-9.598201518719922,-9.350118278133534,-9.060412679853306,-8.737310694668874,-8.388761556958977,-8.022011234435167,-7.643370237786076,-7.258137147024094,-6.8706287723293835,-6.48427229921142,-6.101725540307217,-5.725002851314329,-5.3555936737342975,-4.994567346219899,-4.642662071040352,-4.300358346686975,-3.9679383854260424,-3.645533498046026,-3.333161474304085,-3.0307558248951465,-2.7381885026430726,-2.4552874551309145,-2.1818501122511575,-1.9176536946006602,-1.6624630459975867,-1.4160365440323994,-1.1781305225400516,-0.9485025445807965,-0.7269137894658382,-0.5131307585915094,-0.3069264589916098,-0.10808118782985295,0.08361698668146658,0.26837197398946844,0.44637958231049124,0.6178275679005814,0.7828957783284834,0.941756363426624,1.09457403368327,1.2415063505717268,1.3827040369917074,1.5183112988583516,1.6484661510971035,1.7733007430282866,1.892941679463676,2.0075103348729506,2.1171231587776633,2.221891971145172,2.3219242470258092,2.4173233900344777,2.5081889945478353,2.5946170966893685,2.6767004143223314,2.7545285763763268,2.8281883419069214,2.897763809336103,2.963336616350559,3.0249861309490074,3.0827896341329653,3.1368224947296715,3.187158336824094,3.2338692002602043,3.27702569465163,3.3166971473193074,3.352951745549344,3.3858566735391262,3.4154782443733547,3.4418820273453745,3.4651329709123226,3.4852955215458534,3.502433738713516,3.516611406199157,3.5278921399441288,3.536339492564654,3.542017054674296,3.54498855311399,3.545317946165762,3.5430695157998535,3.538307956978201,3.531098464010713,3.5215068139337555,3.5095994468532474,3.4954435431674313,3.4791070975569665,3.4606589896022943,3.4401690508604768,3.4177081282059656,3.393348143211854,3.3671621473207387,3.3392243725269175,3.309610277265,3.278396587173866,3.245661330380028,3.2114838669205565,3.175944911903739,3.139126551985385,3.1011122547210657,3.061986870339655,3.021836625471988,2.980749108360754,2.9388132450745514,2.896119266250492,2.852758663897137,2.808824137802726,2.7644095311137047,2.7196097546757745,2.6745206997647273,2.6292391388775083,2.5838626143059096,2.538489314276073,2.4932179365070355,2.448147539120839,2.4033773789251867,2.3590067371870966,2.3151347331220413,2.271860125437098,2.229281102387649,2.187495060934597,2.14659837572086,2.1066861587215184,2.067852010558729,2.03018776460929,1.9937832251667573,1.9587259010495517,1.9251007361686514,1.8929898386812893,1.8624722104575135,1.83362347867261,1.8065156314074282,1.781216759188572,1.7577908044293158,1.736297320738112,1.7167912440433317,1.699322677439841,1.6839366915940335,1.6706731424498302,1.6595665078587833,1.6506457446141534,1.6439341672034962,1.6394493494082851,1.637203049675959,1.6372011609715311,1.6394436855866803,1.6439247351470085,1.6506325558173394,1.6595495784638812,1.6706524932949778,1.6839123482729754,1.6992946703715144,1.7167596085494208,1.7362620971264646,1.7577520380809732,1.7811745006459623,1.806469936461439,1.8335744084460006,1.8624198314824407,1.8929342229687207,1.9250419612676306,1.9586640500945476,1.993718386911543,2.0301200334460616,2.067781486521562,2.106612947473429,2.146522588524209,2.1874168146047603,2.22920051923024,2.2717773331693265,2.315049864779003,2.358919931014039,2.403288778257094,2.4480572922507013,2.4931261965444684,2.538396238997969,2.5837683660009696,2.6291438841864885,2.674424609518323,2.7195130037320596,2.764312298196983,2.8087266053456994,2.8526610178881633,2.8960216960877005,2.938715943428481,2.9806522710470795,3.02174045133587,3.0618915611531037,3.1010180150946374,3.1390335892954866,3.175853436236669,3.211394091034366,3.245573469685283,3.278310859734208,3.309526903818486,3.339143576529028,3.3670841550098984,3.3932731836984056,3.417636433585402,3.440100856351923,3.4605945337131288,3.4790466222746312,3.4953872941794706,3.509547673796826,3.5214597706758344,3.531056408960408,3.5382711534328104,3.5430382323263294,3.5452924570195488,3.544969138697367,3.542004002036669,3.5363330959473904,3.527892701373018,3.5166192361277315,3.502449156721002,3.4853188570938585,3.465164564164893,3.441922230057526,3.4155274208538438,3.3859152016938374,3.353020018012388,3.3167755726798154,3.277114698785097,3.233969227774271,3.1872698526298544,3.1369459857508537,3.0829256111668673,3.0251351306946406,2.963499203621442,2.897940579477215,2.828379923437706,2.7547356338844735,2.6769236516360966,2.5948572603597384,2.5084468776760387,2.4175998364847042,2.322220156068559,2.2222083025825494,2.117460938608937,2.007870661566669,1.8933257309118148,1.7737097842684526,1.6489015429009544,1.5187745072984575,1.3831966441152141,1.2420300663278774,1.0951307092732878,0.942348006269476,0.783524568864511,0.6184958784880831,0.44708999850831493,0.2691273185620552,0.08442034671251668,-0.10722643027257132,-0.3060165921343358,-0.5121617015986042,-0.7258810477955812,-0.9474011593150178,-1.176955012863437,-1.4147808419523793,-1.6611204223205498,-1.916216675127528,-2.1803103831460584,-2.4536357564824645,-2.7364145094274623,-3.0288480149369095,-3.3311069835229157,-3.643317964434927,-3.965545785057254,-4.297770827910485,-4.6398597973737825,-4.99152836481914,-5.352293835528856,-5.7214158217382405,-6.097822956849441,-6.480024154096899,-6.866004124652319,-7.2531052951185835,-7.637902501349405,-8.016083491377328,-8.382357627302229,-8.73042653078546,-9.05306108028392,-9.3423334922666,-9.59004272180025,-9.788337737932816,-9.930484969006068,-10.011657206324731,-10.029572382966915,-9.98481662735974,-9.880759960444191,-9.72308903547003,-9.519085882623523,-9.276828915731029,-9.004472863966932,-8.709702818181398,-8.399390053417338,-8.079428316630622,-7.754705715952694,-7.429163967569234,-7.105904531608086,-6.787312608553569,-6.475180701572375,-6.1708217251166015,-5.875167255117035,-5.588849943370575,-5.312270987256504,-5.045654408953179,-4.789090165955524,-4.542568061091547,-4.306004215151063,-4.079261606701295,-3.8621659240110855,-3.654517738165409,-3.456101803828388,-3.2666941258913478,-3.0860672936747475,-2.913994475145341,-2.7502523771805625,-2.594623409995027,-2.4468972407307596,-2.3068718798102794,-2.1743544114427116,-2.049161454646627,-1.9311194217189542,-1.8200646259906503,-1.7158432789940719,-1.6183114080686685,-1.5273347183645816,-1.4427884177132109,-1.3645570185690317,-1.2925341279146072,-1.22662223345023,-1.1667324923970976,-1.112784527700835,-1.0647062352321806,-1.0224336046660025,-0.9859105560187857,-0.9550887932911718,-0.9299276762587606,-0.91039411115256,-0.896462460746482,-0.8881144742053492,-0.8853392369271827,-1.7309007806128616,-1.671051091840175,-1.2914687854629538,1.9657321810129753,1.4587791295439014,1.9177817486947277
-15.856644467597016,-15.86076317669164,-15.873264847286784,-15.89418104678323,-15.923564741867825,-15.961490704286218,-16.00805608770695,-16.063381184214446,-16.127610371687283,-16.200913266245298,-16.283486097130332,-16.37555332486482,-16.47736952734655,-16.589221582711275,-16.711431182327203,-16.84435771213576,-16.988401545610124,-17.14400779664163,-17.31167058527101,-17.49193787264418,-17.685416922694223,-17.89278044486315,-18.114773461468538,-18.352220919887554,-18.606036025153617,-18.87722918920629,-19.166917356769762,-19.476333238598837,-19.806833601581836,-20.159905134788083,-20.53716537041849,-20.940354422403367,-21.37131047083701,-21.83191723596955,-22.32400395562251,-22.84916570541078,-23.40845144330874,-24.00183524251379,-24.627339860117164,-25.279625191656287,-25.947817482458415,-26.61244055219396,-27.24176819466363,-27.789152084163575,-28.19495666837178,-28.39780101507763,-28.355250773635973,-28.06303712566237,-27.557197854077977,-26.89717877268926,-26.14419992317888,-25.34785975511185,-24.542698499411834,-23.750316515259236,-22.98300891725388,-22.246999668290044,-21.544786159584287,-20.87668323639746,-20.241788875831478,-19.638569619158538,-19.065207407784875,-18.519800355523014,-18.000475366804533,-17.5054480888687,-17.033051726904983,-16.581747719311593,-16.150126095784778,-15.736900209690559,-15.340898640664433,-14.961055914756034,-14.596402993160861,-14.246058059186616,-13.90921787930981,-13.585149862852015,-13.273184856195602,-12.97271065719255,-12.683166208493407,-12.404036415671222,-12.1348475315113,-11.875163048146247,-11.624580041663393,-11.382725918074394,-11.149255514319012,-10.923848512813281,-10.706207132685995,-10.496054065141864,-10.293130624289313,-10.09719508826029,-9.90802120854495,-9.725396868189764,-9.549122871898977,-9.379011853169759,-9.214887285415745,-9.056582585624502,-8.903940300479983,-8.756811366088757,-8.615054433501296,-8.478535253137602,-8.347126112027723,-8.220705318478156,-8.099156729387476,-7.982369315971319,-7.870236764127505,-7.762657106085433,-7.659532380347781,-7.560768317252764,-7.466274047768236,-7.375961833378597,-7.289746815147,-7.2075467802313575,-7.129281944307147,-7.054874748504977,-6.984249669609444,-6.917333042388925,-6.854052893037057,-6.794338782805221,-6.738121660994989,-6.685333726559293,-6.6359082976338035,-6.589779688385398,-6.546883092624173,-6.507154473679496,-6.470530460089938,-6.436948246702231,-6.40634550081568,-6.37866027304684,-6.353830912624504,-6.331795986857784,-6.312494204550716,-6.2958643431652135,-6.281845179561047,-6.270375424166774,-6.261393658459299,-6.254838275652503,-6.250647424516838,-6.248758956272445,-6.249110374517947,-6.251638788176126,-6.256280867455755,-6.262972802846352,-6.271650267179485,-6.282248380806353,-6.294701679956952,-6.308944088360844,-6.324908892223858,-6.3425287186682135,-6.361735517756344,-6.382460548230209,-6.404634367108662,-6.428186823295084,-6.453047055355889,-6.479143493637651,-6.506403866896226,-6.534755213615332,-6.564123898194344,-6.594435632185385,-6.6256155007580855,-6.6575879945664305,-6.69027704718566,-6.723606078278169,-6.757498042635641,-6.791875485229937,-6.826660602387653,-6.861775309182338,-6.897141313114465,-6.9326801941218354,-6.96831349093261,-7.003962793739193,-7.039549843134308,-7.074996635210288,-7.110225532679758,-7.145159381830073,-7.179721635075796,-7.213836478823472,-7.247428966311076,-7.280425155031902,-7.3127522482989455,-7.344338740452673,-7.3751145651622005,-7.405011246218587,-7.43396205016972,-7.461902140099919,-7.488768729814682,-7.5145012376528175,-7.539041439115159,-7.562333617472071,-7.584324711491572,-7.604964459416897,-7.624205538317069,-7.642003697937357,-7.658317888188126,-7.673110379431675,-7.686346874756117,-7.697996613464538,-7.708032465054966,-7.716431013022964,-7.723172627882651,-7.728241528873383,-7.731625833897354,-7.733317597317022,-7.733312835329786,-7.7316115387292195,-7.728217672956723,-7.723139165443155,-7.716387880335635,-7.707979580799313,-7.69793387917583,-7.686274175368726,-7.673027583909754,-7.65822485023816,-7.641900256796479,-7.624091519610476,-7.604839676077148,-7.584188964732275,-7.562186697807966,-7.538883127420578,-7.514331306250199,-7.488586943584853,-7.46170825760585,-7.433755824785612,-7.404792427256258,-7.374882898987087,-7.344093971581982,-7.312494120474935,-7.280153412263639,-7.247143353878483,-7.213536744237967,-7.179407528992359,-7.144830658905992,-7.109881952376034,-7.074637962532008,-7.039175849306956,-7.003573256818331,-6.967908196344932,-6.932258935135986,-6.896703891240568,-6.861321534499588,-6.826190293799713,-6.791388470648293,-6.756994159091412,-6.72308517196317,-6.6897389734237835,-6.657032617716733,-6.6250426940510865,-6.593845277494349,-6.563515885743398,-6.534129441626487,-6.505760241177374,-6.478481927113719,-6.45236746754539,-6.4274891397343055,-6.403918518725716,-6.381726470671147,-6.360983150665552,-6.3417580049251585,-6.324119777138239,-6.308136518828081,-6.293875603575865,-6.28140374496075,-6.27078701808523,-6.262090884565423,-6.255380220878523,-6.250719349973074,-6.2481720760617545,-6.24780172253128,-6.249671172919445,-6.253842914925523,-6.260379087437041,-6.269341530573459,-6.280791838765273,-6.294791416906232,-6.311401539635804,-6.330683413829735,-6.352698244398059,-6.377507303512493,-6.405172003409042,-6.435753972936821,-6.469315138050837,-6.505917806475031,-6.545624756792311,-6.588499332251128,-6.634605539613289,-6.684008153406066,-6.736772825982937,-6.792966203842433,-6.8526560507039544,-6.915911377893376,-6.982802582650724,-7.053401595037579,-7.127782034194359,-7.206019374777547,-7.288191124496194,-7.374377013765718,-7.464659198607682,-7.559122478047476,-7.657854527399881,-7.760946148987584,-7.868491542011473,-7.980588593487861,-8.097339192388326,-8.218849569367663,-8.34523066474772,-8.476598527744754,-8.61307475029114,-8.754786939215041,-8.901869231011517,-9.054462853974336,-9.212716743069198,-9.376788213628345,-9.546843700746328,-9.723059572173302,-9.905623023552796,-10.094733066056698,-10.290601617853296,-10.49345471243247,-10.70353383863339,-10.92109742930733,-11.146422517935537,-11.37980658524404,-11.621569620948302,-11.87205642924579,-12.131639210569713,-12.400720456408852,-12.679736198629953,-12.969159659579205,-13.269505354028265,-13.581333698309788,-13.905256184965427,-14.241941181594857,-14.592120408184908,-14.956596134504972,-15.336249112487737,-15.732047208671316,-16.1450546138538,-16.576441356892406,-17.027492597583567,-17.4996167550839,-17.994350836819667,-18.513360192005095,-19.058428031205416,-19.631426943213494,-20.23425950066766,-20.86874657020308,-21.536428072839055,-22.238218652273083,-22.97382626327454,-23.740792740252452,-24.53295886501383,-25.33813129932276,-26.134858351369644,-26.888790843945934,-27.5505195107729,-28.05890305647585,-28.354321999598028,-28.400272887646008,-28.20045153857482,-27.796899043548528,-27.25090986779691,-26.62225404413464,-25.95778842103019,-25.289428259217654,-24.636788731194876,-24.01083503591532,-23.41696346513299,-22.857184056824835,-22.331540899289873,-21.83899435827552,-21.377953479657034,-20.946590161703984,-20.54302016455079,-20.165403920988886,-19.81199952410964,-19.48118750875139,-19.171479261922293,-18.88151618143138,-18.61006384847702,-18.356003752359072,-18.118324058515157,-17.896110276555074,-17.68853630122376,-17.494856068473982,-17.31439593164859,-17.146547782862093,-16.99076289976057,-16.84654647420832,-16.71345276862533,-16.591080842446868,-16.479070792264274,-16.377100452652627,-16.28488250929339,-16.202161981038977,-16.128714032628427,-16.064342084618865,-16.008876191636478,-15.96217166423003,-15.924107913429673,-15.894587500598343,-15.873535378348473,-15.860898311227468,-15.856644467597016,-1.927979401741322,-1.0814620809177098,-1.786077876247316,1.9743109273813915,0.7991345679447593,1.1217681013928145
-16.075579865817435,-16.077856406375734,-16.084675328314567,-16.09604451195939,-16.111977130314184,-16.132491710182705,-16.157612218530236,-16.187368174906908,-16.221794791010517,-16.26093313874206,-16.30483034840466,-16.35353983902215,-16.407121583113774,-16.465642408662298,-16.52917634146379,-16.597804991556842,-16.67161798800923,-16.750713467003745,-16.835198618928388,-16.925190301058386,-17.020815723441213,-17.122213216789167,-17.22953309258044,-17.34293860721014,-17.462607043967687,-17.588730928908337,-17.721519399410457,-17.86119974746163,-18.00801916361391,-18.162246712239284,-18.32417557438759,-18.49412560143666,-18.672446231128067,-18.859519827886245,-19.055765522018213,-19.26164363812479,-19.477660822656688,-19.704376005111612,-19.942407358334552,-20.19244046266756,-20.45523792886297,-20.731650799179743,-21.022632129620263,-21.329253265254053,-21.65272346386026,-21.99441371298008,-22.355885839047147,-22.738928348636122,-23.145600904967488,-23.57828997546197,-24.03977905542476,-24.533338071439644,-25.062838218929077,-25.632900741831996,-26.24909116125089,-26.918174208548326,-27.648448665848647,-28.45018309944701,-29.336165141747884,-30.322333506645045,-31.42830511348076,-32.67709134289326,-34.09161636490816,-35.68027938617496,-37.38828202301998,-38.96669081716753,-39.81452785995722,-39.36595102982031,-37.91421398677158,-36.1466453742159,-34.437361096457536,-32.893471019631534,-31.521600455211583,-30.30153054519471,-29.20952299997502,-28.224525997166097,-27.32922523875573,-26.509690337243654,-25.75474481474518,-25.05537716425019,-24.404262359031968,-23.79539109297591,-23.22378695940676,-22.685291191798154,-22.17639816948159,-21.69412883645486,-21.235932480356638,-20.799609841249904,-20.383252380881967,-19.98519389709283,-19.60397164981413,-19.238294878441383,-18.88701911127782,-18.549125050679784,-18.223701101141362,-17.909928819259168,-17.60707072380874,-17.314460024968263,-17.031491924052343,-16.757616206212727,-16.492330903704897,-16.235176850387955,-15.98573298198874,-15.74361226345837,-15.508458146085228,-15.279941474115423,-15.057757774393126,-14.84162487367588,-14.631280797348367,-14.426481910674935,-14.227001269825532,-14.03262715494015,-13.843161761666993,-13.658420031080748,-13.478228600788391,-13.30242486246345,-13.130856113098869,-12.963378788999693,-12.799857773004826,-12.640165766675295,-12.484182720251788,-12.331795314095837,-12.182896486111117,-12.037385000315147,-11.895165052312366,-11.756145907922724,-11.620241571655917,-11.487370482100786,-11.357455231629912,-11.230422308108272,-11.106201856547667,-10.984727458870424,-10.865935930140967,-10.749767129795567,-10.636163786552352,-10.525071335817662,-10.41643776852357,-10.310213490436963,-10.206351191074209,-10.104805721438769,-10.005533979873757,-9.908494805387702,-9.813648877871353,-9.720958624676562,-9.630388133076169,-9.541903068166572,-9.45547059581352,-9.371059310276168,-9.288639166176099,-9.20818141450615,-9.1296585423995,-9.053044216402839,-8.978313229018163,-8.905441448297113,-8.834405770288797,-8.765184074157979,-8.697755179804744,-8.632098807829838,-8.568195541701746,-8.506026791992488,-8.445574762559056,-8.386822418556395,-8.329753456176316,-8.274352274014294,-8.22060394597297,-8.168494195617956,-8.118009371907055,-8.0691364262198,-8.021862890619037,-7.976176857281011,-7.9320669590346995,-7.889522350955059,-7.8485326929586074,-7.809088133353116,-7.771179293296401,-7.734797252122134,-7.699933533493364,-7.666580092347011,-7.634729302595025,-7.604373945550089,-7.575507199045979,-7.5481226272245925,-7.52221417096356,-7.497776138920207,-7.474803199169216,-7.453290371413007,-7.433233019745316,-7.4146268459500355,-7.397467883318594,-7.381752490970641,-7.367477348663955,-7.354639452080887,-7.343236108579671,-7.3332649334002475,-7.324723846315237,-7.317611068717981,-7.311925121140369,-7.30766482119459,-7.30482928193358,-7.303417910626315,-7.3034304079448775,-7.304866767561304,-7.307727276153274,-7.312012513818581,-7.317723354899391,-7.324860969218294,-7.333426823729141,-7.343422684586649,-7.354850619639793,-7.367713001355087,-7.38201251017681,-7.397752138332425,-7.414935194092449,-7.433565306495163,-7.453646430547847,-7.47518285291715,-7.498179198122776,-7.522640435249674,-7.548571885195373,-7.57597922847056,-7.60486851357225,-7.635246165950686,-7.667118997592459,-7.700494217244205,-7.735379441302904,-7.771782705400765,-7.809712476714638,-7.849177667031972,-7.890187646607767,-7.932752258849083,-7.976881835866603,-8.022587214935172,-8.069879755908433,-8.118771359635726,-8.169274487432832,-8.221402181661974,-8.275168087480196,-8.33058647581985,-8.387672267669243,-8.446441059726816,-8.506909151507479,-8.569093573985722,-8.6330121198666,-8.698683375582629,-8.766126755122315,-8.835362535804325,-8.906411896120455,-8.979296955780434,-9.054040818102491,-9.130667614905573,-9.209202554072045,-9.28967196996415,-9.372103376893167,-9.456525525857586,-9.542968464785584,-9.631463602538265,-9.722043776953093,-9.814743327232813,-9.909598171013293,-10.006645886475196,-10.105925799899225,-10.207479079103157,-10.311348833242082,-10.417580219500781,-10.526220557260665,-10.637319450383105,-10.750928918317468,-10.86710353681664,-10.985900589126175,-11.107380228607235,-11.231605653858539,-11.35864329752171,-11.488563030088379,-11.621438380179168,-11.757346772936494,-11.896369788368258,-12.038593441701524,-12.184108488057941,-12.333010754051898,-12.48540149924292,-12.641387810753283,-12.801083034798268,-12.964607249379387,-13.132087782972539,-13.30365978471636,-13.479466852389185,-13.659661725374733,-13.844407050882372,-14.033876232937018,-14.228254375121987,-14.42773932979038,-14.632542868511006,-14.84289199094915,-15.059030392285608,-15.281220112750393,-15.509743397019927,-15.74490479626012,-15.987033551695756,-16.236486306008207,-16.493650197937562,-16.758946406615664,-17.032834225927264,-17.315815766295934,-17.6084414026428,-17.911316114083988,-18.22510689482345,-18.550551458801344,-18.888468515848047,-19.23976996825155,-19.605475469059137,-19.98672990435681,-20.38482452122336,-20.80122263498734,-21.237591133344264,-21.695839378281892,-22.178167628339665,-22.687127818035165,-23.225700514486583,-23.797393227386614,-24.406367112688528,-25.057601637710807,-25.757110081416606,-26.51222269876491,-27.331957970964673,-28.22750179135577,-29.212797351958848,-30.30517628059179,-31.525712998007926,-32.89817137950574,-34.442783185340545,-36.15285679295981,-37.920914312030234,-39.37178218958023,-39.81723589643187,-38.965949935990224,-37.3857830154364,-35.677304681844504,-34.08869244496169,-32.67438153985126,-31.425839582514442,-30.320098679622156,-29.334135581471095,-28.448332445635117,-27.64675309391416,-26.916613214111322,-26.24764742446482,-25.631559718858057,-25.061587696170253,-24.532167761948184,-24.03868025769613,-23.57725529329794,-23.144624020285043,-22.738003837926147,-22.355009025006616,-21.993580544208484,-21.651930416878958,-21.328497264293706,-21.021910480591327,-20.73096113501098,-20.454578163995695,-20.191808754962175,-19.941802077010408,-19.70379570362406,-19.477104215636253,-19.261109581676056,-19.055252996811618,-18.859027924583426,-18.671974137766185,-18.493672592465085,-18.32374100110458,-18.16182999442014,-18.00761978215736,-17.860817237910112,-17.7211533462234,-17.588380960386754,-17.46227282774448,-17.34261984623348,-17.22922952152856,-17.12192459886409,-17.02054184749648,-16.92493097902228,-16.834953683489598,-16.750482769531008,-16.67140139668026,-16.59760238967539,-16.528987625946332,-16.46546748867841,-16.40696037886633,-16.353392280655243,-16.304696375028925,-16.26081269756823,-16.221687836583442,-16.187274668433304,-16.157532127294314,-16.132425007044834,-16.111923793288415,-16.096004523866373,-16.084648676507136,-16.077843082534933,-16.075579865817435,-1.9160725906901388,-1.0487143802556134,-0.5389466048229821,0.6650477056013554,1.1878957092563693,0.7528909010187945
-17.61467664377343,-17.616998599064033,-17.623889742855173,-17.63535894790579,-17.651421019942614,-17.67209676727655,-17.69741309914489,-17.727403153761898,-17.762106457368986,-17.801569115906403,-17.845844041287915,-17.89499121465439,-17.94907798942022,-18.00817943741624,-18.072378741985958,-18.141767642519607,-18.216446935628376,-18.2965270389867,-18.382128624823643,-18.473383331151883,-18.570434560113767,-18.673438374336836,-18.782564503970065,-18.897997479173963,-19.01993790532995,-19.14860390120326,-19.28423272384333,-19.427082608270247,-19.577434855139153,-19.73559620580865,-19.901901551828086,-20.07671703514407,-20.260443606743635,-20.453521125564368,-20.656433097043163,-20.869712172603055,-21.093946558954094,-21.329787520982112,-21.57795820645459,-21.83926407779208,-22.114605309814742,-22.404991608249954,-22.71156002955333,-23.035596548909396,-23.378562345048994,-23.74212606876077,-24.128203766482525,-24.539008683594645,-24.977113934601235,-25.445532085462062,-25.947817167880626,-26.48819670059275,-27.071744134699593,-27.704605975432294,-28.394302696470227,-29.150127742633845,-29.983671141024345,-30.909482027774313,-31.945820104095194,-33.11520701939064,-34.44366824223294,-35.95478647893935,-37.64558727214072,-39.40616533991891,-40.82919161298509,-41.15864744451906,-40.12156641056019,-38.37863051045082,-36.55059541528087,-34.86884675161584,-33.374509737660304,-32.05228038959851,-30.87596688509709,-29.820980137208835,-28.866909146690762,-27.99739691096889,-27.19942513440393,-26.462591871869282,-25.77851704961409,-25.14038324258694,-24.542588209922688,-23.980482979528006,-23.450173663907307,-22.948370395983932,-22.472271152599998,-22.0194715584916,-21.587894191041997,-21.17573265236579,-20.781406927341393,-20.403527446237003,-20.04086592121732,-19.692331499819264,-19.35695112632103,-19.033853259459434,-18.72225428725191,-18.421447124487823,-18.13079158839564,-17.84970623212943,-17.577661380599586,-17.31417316357434,-17.058798380407207,-16.81113006179761,-16.570793618604277,-16.33744348735887,-16.110760197871826,-15.890447801022084,-15.676231605121673,-15.467856177640389,-15.265083575951488,-15.067691776416996,-14.875473275807751,-14.688233842935265,-14.505791401607864,-14.32797502873109,-14.154624053646401,-13.985587246719025,-13.820722086807518,-13.659894098623688,-13.50297625216358,-13.349848417390856,-13.20039686821163,-13.054513830516086,-12.912097069697081,-12.773049513604038,-12.637278907365022,-12.504697496922365,-12.375221738485568,-12.248772031418444,-12.125272472350812,-12.004650628544882,-11.8868373287569,-11.771766470019877,-11.659374838936358,-11.549601946214533,-11.44238987330856,-11.337683130137046,-11.235428522954166,-11.135575031537282,-11.038073694934587,-10.942877505087248,-10.84994130770429,-10.759221709825152,-10.670676993555968,-10.584267035511306,-10.499953231534489,-10.417698426306373,-10.337466847486231,-10.259224044058264,-10.18293682858473,-10.108573223091295,-10.03610240833253,-9.965494676205857,-9.89672138510059,-9.829754917985547,-9.76456864305385,-9.701136876757598,-9.639434849077588,-9.57943867088498,-9.521125303262348,-9.464472528661238,-9.409458923782207,-9.356063834071584,-9.304267349736534,-9.254050283186935,-9.205394147818959,-9.15828113806101,-9.11269411060808,-9.068616566775548,-9.026032635908056,-8.984927059783312,-8.94528517795466,-8.907092913979893,-8.870336762487145,-8.835003777031973,-8.801081558702542,-8.768558245432738,-8.737422501985495,-8.707663510571074,-8.679270962067292,-8.652235047810898,-8.626546451931116,-8.602196344198523,-8.579176373363948,-8.557478660964021,-8.53709579557141,-8.51802082746946,-8.500247263732298,-8.483769063692995,-8.468580634783523,-8.454676828731804,-8.442052938102057,-8.430704693166152,-8.420628259094675,-8.4118202334575,-8.404277644024917,-8.397997946861304,-8.39297902470437,-8.389219185624139,-8.386717161956746,-8.385472109509127,-8.385483607031754,-8.386751655957394,-8.389276680405018,-8.393059527448784,-8.398101467653161,-8.40440419587603,-8.411969832342796,-8.420800923995364,-8.430900446120882,-8.442271804266197,-8.454918836444943,-8.468845815645274,-8.484057452647267,-8.500558899160186,-8.518355751290866,-8.537454053355662,-8.557860302049578,-8.57958145098751,-8.60262491563371,-8.626998578637004,-8.652710795590634,-8.679770401237189,-8.708186716140364,-8.737969553847215,-8.769129228566,-8.801676563386682,-8.83562289907294,-8.8709801034566,-8.907760581467492,-8.945977285834108,-8.985643728492654,-9.02677399274487,-9.069382746207658,-9.113485254600523,-9.159097396419911,-9.206235678553234,-9.254917252888559,-9.305159933980375,-9.356982217835759,-9.410403301890039,-9.465443106245946,-9.522122296255727,-9.580462306531365,-9.640485366474605,-9.70221452742518,-9.765673691533229,-9.830887642470053,-9.897882078100185,-9.966683645247542,-10.037319976698939,-10.109819730599948,-10.184212632410684,-10.26052951960309,-10.33880238929655,-10.419064449045418,-10.501350171010497,-10.585695349766917,-10.672137164023145,-10.760714242550593,-10.85146673465072,-10.944436385516596,-11.039666616879472,-11.137202613368075,-11.237091415049367,-11.339382016665738,-11.444125474134397,-11.551375018931795,-11.66118618104975,-11.773616921280796,-11.888727773670535,-12.006581999063863,-12.127245750772973,-12.250788253508151,-12.37728199684047,-12.506802944609717,-12.639430761854742,-12.775249061028921,-12.91434566947421,-13.056812920367701,-13.202747969628675,-13.352253141587791,-13.505436306579544,-13.662411294032278,-13.823298345106023,-13.988224609477715,-14.157324691509643,-14.330741251775557,-14.508625670778198,-14.69113878269583,-14.878451688170117,-15.070746656527698,-15.268218129454267,-15.471073840061706,-15.679536063570183,-15.893843018542114,-16.114250440850626,-16.341033356459032,-16.57448808377935,-16.81493450205441,-17.062718629106705,-17.318215560220754,-17.581832830261593,-17.854014273878317,-18.135244474445344,-18.426053912098283,-18.72702494593194,-19.03879879660826,-19.362083735218572,-19.697664734868045,-20.046414906627067,-20.40930912602805,-20.787440366765182,-21.182039403797962,-21.594498741373762,-22.026401880427663,-22.47955938963973,-22.95605372105173,-23.45829536582965,-23.989093851627214,-24.55174834355823,-25.15016436939471,-25.789005634997864,-26.473893246411848,-27.211669067724927,-28.01074518838363,-28.881565882708177,-29.83720563710274,-30.89409539980709,-32.072739498587865,-33.39782866582051,-34.89560243951829,-36.58110833829733,-38.41179317151836,-40.15156420880199,-41.17243783586996,-40.82003912692849,-39.38419255041201,-37.62094389056651,-35.931493415326955,-34.42269029260457,-33.09652005641656,-31.929149470429184,-30.89452770261555,-29.970168081725582,-29.137855910016018,-28.38308285744172,-27.69429253928439,-27.06221835951274,-26.479361069452505,-25.939590951013344,-25.43784789752626,-24.969915074122927,-24.532247071679656,-24.12183834080747,-23.736121523325448,-23.372888133523446,-23.030226090141714,-22.7064700692236,-22.400161702044407,-22.11001740190317,-21.83490215461964,-21.573808010496048,-21.325836312580016,-21.09018291698268,-20.866125826689764,-20.65301478560263,-20.45026247507262,-20.257337028590747,-20.073755637114473,-19.899079061816398,-19.732906905821423,-19.574873523984664,-19.424644471620255,-19.281913410577527,-19.146399405130673,-19.01784455153104,-18.896011894328993,-18.780683590139862,-18.67165928574464,-18.56875468254568,-18.471800263650263,-18.380640163395856,-18.295131162091486,-18.215141791236015,-18.14055153657058,-18.071250128097223,-18.007136907704766,-17.94812026633152,-17.894117143698594,-17.845052584599685,-17.800859346556045,-17.76147755436233,-17.726854397675357,-17.69694386834972,-17.67170653471352,-17.651109350414245,-17.635125495859256,-17.623734250633902,-17.616920895610967,-17.61467664377343,-1.9038095844665268,-0.9228959257763354,-0.4024810086968118,0.6783676332326054,0.7086074213685694,1.1227012298189338
-2.4001300986616187,-2.402279523051561,-2.4087543744311555,-2.419561030187521,-2.4347101528128565,-2.4542167297818924,-2.4781001297909007,-2.5063841757627827,-2.5390972351452863,-2.576272328157767,-2.617947254776849,-2.6641647413945524,-2.714972608235337,-2.7704239587826116,-2.8305773926421502,-2.8954972434614143,-2.965253843731663,-3.0399238185257973,-3.119590410471092,-3.2043438385240677,-3.294281693406376,-3.389509372877353,-3.4901405603615423,-3.5962977508183993,-3.7081128281356355,-3.825727698744483,-3.949294986589598,-4.078978795029158,-4.21495554167839,-4.357414872619918,-4.506560662755136,-4.662612109313946,-4.825804925607182,-4.996392641895646,-5.174648019619987,-5.360864583980268,-5.555358277681359,-5.758469235152461,-5.970563671110288,-6.192035869115532,-6.423310243552143,-6.664843430492452,-6.917126336684802,-7.180686037790634,-7.4560873617633705,-7.743933913303373,-8.044868179598385,-8.359570189998802,-8.68875395949651,-9.033160593903677,-9.393546424357467,-9.770663799902113,-10.165231100504382,-10.577887003966103,-11.009121874631461,-11.459176138668939,-11.927891497426677,-12.41449581850247,-12.91729710417348,-13.43325800250149,-13.957424732182695,-14.48220323635516,-14.996529049872013,-15.485090703795203,-15.9279550915878,-16.30116507999845,-16.578958027980423,-16.7378680707146,-16.761931737021317,-16.646996705458125,-16.401939660525578,-16.046103272406107,-15.604370496535457,-15.102193109080526,-14.562168804756016,-14.002491896247262,-13.436795861664478,-12.874733002281731,-12.322800027353935,-11.78513961883602,-11.264208904158403,-10.761293916037202,-10.276887172775409,-9.81095664125637,-9.363133547032925,-8.932841634838116,-8.519385073605076,-8.1220075352633,-7.739931353256772,-7.372382999267747,-7.018609210860679,-6.677886764444824,-6.349527957265222,-6.032883218272227,-5.727341823349206,-5.432331383894457,-5.14731656631226,-4.871797353998818,-4.6053070625744885,-4.347410249442887,-4.097700610643802,-3.8557989247955966,-3.6213510811274876,-3.394026213021286,-3.1735149479227593,-2.9595277774166378,-2.7517935466220718,-2.5500580591111985,-2.35408279176115,-2.163643712953784,-1.9785301970806313,-1.7985440282144993,-1.6234984859472155,-1.4532175066789554,-1.2875349140170402,-1.1262937123603343,-0.9693454381809388,-0.8165495639492191,-0.6677729500696776,-0.5228893405956503,-0.38177889886717414,-0.24432777956538418,-0.11042773399912277,0.020024254265304423,0.147126306050757,0.27097195786624445,0.3916504500058424,0.5092469933990627,0.6238430169797888,0.7355163971759251,0.844341670972778,0.9503902338686993,1.0537305239201413,1.1544281929636186,1.252546266003184,1.3481452896628858,1.4412834705229136,1.5320168040855975,1.6203991950515144,1.7064825695267873,1.7903169797288596,1.8719507017096437,1.9514303265710007,2.0288008456079303,2.1041057297788366,2.1773870038698986,2.2486853156910476,2.318040000614508,2.3854891417427346,2.4510696259707414,2.5148171961880665,2.5767664998477384,2.636951134113377,2.6954036877808543,2.75215578015779,2.8072380970719415,2.8606804241688044,2.91251167764887,2.962759932585957,3.0114524489601675,3.058615695531472,3.1042753716735865,3.1484564272815256,3.1911830808610553,3.232478835903172,3.2723664956423377,3.3108681762930963,3.3480053188560017,3.383798699580372,3.4182684391683003,3.4514340108013646,3.483314247068953,3.5139273458744618,3.543290875393374,3.571421778154955,3.5983363743171397,3.6240503642021658,3.6485788301584736,3.671936237812382,3.694136436771134,3.7151926608369665,3.7351175277897712,3.7539230387940616,3.7716205774838163,3.788220908776745,3.8037341774673443,3.818169906645999,3.8315369959889845,3.843843719962045,3.8550977259776986,3.865306032544045,3.8744750274401882,3.882610465950849,3.8897174691900327,3.8958005225408,3.900863474235429,3.904909534097291,3.9079412724629234,3.90996061929967,3.9109688635313407,3.9109666525811866,3.909953992138484,3.9079302461518184,3.904894137049144,3.9008437461815104,3.8957765144842353,3.8896892433463175,3.8825780956756315,3.874438597144634,3.86526563759813,3.8550534726018326,3.843795725107468,3.831485387207448,3.8181148219492407,3.80367576517696,3.7881593273650944,3.771555995406604,3.7538556343153067,3.735047488799882,3.7151201846647126,3.694061729990308,3.671859516043946,3.6485003178690785,3.6239702944998897,3.598254988745353,3.5713393264852114,3.5432076154182597,3.513843543201345,3.4832301749156027,3.4513499497943743,3.418184677145322,3.3837155313971334,3.3479230461990896,3.3107871074995354,3.2722869455269437,3.2324011255947034,3.191107537648187,3.148383384469656,3.1042051684535417,3.058548676861124,3.0113889654600348,2.9627003404498713,2.9124563385707454,2.860629705286677,2.8071923709303395,2.7521154246896566,2.695369086310118,2.6369226753794677,2.5767445780532667,2.51480221107097,2.451061982902301,2.385489251852848,2.3180482809457557,2.2487021893831187,2.177412900376099,2.1041410851164195,2.028846102644251,1.9514859353474883,1.8720171198058444,1.790394672668976,1.7065720112312683,1.6205008683366002,1.5321312012138322,1.4414110938080706,1.3482866521329693,1.2527018921255872,1.154598619436884,1.0539163005372718,0.9505919244574583,0.844559854418942,0.7357516685362003,0.6240959886917186,0.5095182965961567,0.3919407359469987,0.27128189948961007,0.14745659966335375,0.020375621380936085,-0.11005454465951367,-0.24393198989518738,-0.38135969899984795,-0.5224458863148576,-0.6673043599817652,-0.8160549163930307,-0.9688237678470589,-1.1257440065882136,-1.2869561087344803,-1.45260848194402,-1.622858061047355,-1.797870956271979,-1.9778231591067499,-2.1629013112867996,-2.3533035428146927,-2.5492403853501564,-2.750935767672647,-2.958628100205278,-3.172571455725803,-3.3930368532929425,-3.6203136519585906,-3.854711059839965,-4.096559762333007,-4.346213670295884,-4.604051784396709,-4.8704801647595755,-5.145933984493693,-5.430879630126958,-5.725816789198067,-6.0312804321337,-6.347842547493476,-6.67611342010085,-7.016742140908779,-7.370415891732191,-7.737857336924323,-8.11981914818041,-8.517074245179732,-8.930399692282492,-9.360551262870217,-9.808224347689574,-10.27399498234172,-10.758232108139156,-11.260968566214167,-11.781713671273605,-12.319184813980257,-12.87093068584153,-13.43281790663575,-13.998363890364146,-14.557936649063159,-15.097929996920161,-15.600182892536626,-16.042132349706332,-16.398353275510978,-16.643968172893977,-16.759607546425734,-16.73633546183005,-16.578227423427037,-16.3011754610431,-15.928597254987205,-15.486235557724457,-14.998050247908397,-14.483990253760828,-13.959387686939898,-13.435327320244904,-12.919420763039822,-12.416635909483025,-11.930020973906226,-11.46127608870654,-11.011179371548733,-10.579893472977284,-10.167181103986689,-9.772554145556391,-9.39537551535609,-9.034927957407348,-8.690459905421648,-8.3612155644359,-8.04645418687006,-7.7454619877827104,-7.4575590757900105,-7.182103035803312,-6.918490288417141,-6.666155998044396,-6.424573058565951,-6.193250517307829,-5.971731682152059,-5.759592076425822,-5.556437350833536,-5.361901223481047,-5.175643492738448,-4.997348149666161,-4.8267216044684105,-4.663491033188546,-4.507402845400135,-4.358221270124035,-4.21572705501684,-4.07971627261203,-3.9499992267588273,-3.826399452188531,-3.7087528002014203,-3.5969066037075796,-3.4907189152040017,-3.3900578116787345,-3.29480076086943,-3.204834043745656,-3.120052228518027,-3.040357691893779,-2.9656601836918672,-2.895876431299847,-2.8309297807968066,-2.770749871883496,-2.7152723440522264,-2.664438571697188,-2.6181954261119778,-2.5764950625470244,-2.5392947307078155,-2.506556607265915,-2.478247649131984,-2.454339466404016,-2.4348082140568286,-2.4196345015820926,-2.408803319923229,-2.4023039851776455,-2.4001300986616187,-1.7402904125831071,-1.110631342406054,-1.1079312002744603,1.1400188711891335,1.5158096882284766,1.5609709693917033
-12.384450854615636,-12.387805142780115,-12.397878847968089,-12.41468814708342,-12.43826011378152,-12.468632880909,-12.50585587051554,-12.549990094067553,-12.60110852631871,-12.65929655717458,-12.724652526842812,-12.797288350600798,-12.87733024065696,-12.964919533846802,-13.060213635308433,-13.163387089843877,-13.274632794409001,-13.394163367103062,-13.522212690159407,-13.65903764677477,-13.804920074143968,-13.960168957753027,-14.12512289475117,-14.300152856932426,-14.48566528627492,-14.682105557720924,-14.889961844309385,-15.109769417901106,-15.342115413004818,-15.587644069172324,-15.847062445256398,-16.12114656052792,-16.4107478538412,-16.716799747956937,-17.04032393847588,-17.382435758658623,-17.74434754388105,-18.127368238583593,-18.532896403679857,-18.96240205213058,-19.417389979640312,-19.89933285879042,-20.409555394028104,-20.94903992618307,-21.518107243435068,-22.115902293501666,-22.73958337008154,-23.38308356966963,-24.03531604832589,-24.67781270448072,-25.2821866520533,-25.80869632196905,-26.208436214116478,-26.43198943039686,-26.444215741924722,-26.238176961141974,-25.838197116220698,-25.28954941519922,-24.642802272255736,-23.942156725158327,-23.220767134457002,-22.50100263528641,-21.796741515471535,-21.11589428971298,-20.462453439078644,-19.837956495877446,-19.24246221979335,-18.675177098803143,-18.13484752538562,-17.62000057370706,-17.129088919215775,-16.66057579948596,-16.212982797998816,-15.784914774979768,-15.375070910047421,-14.98224745214307,-14.605335659950317,-14.243317092022885,-13.89525757521521,-13.560300658500164,-13.237661031908267,-12.926618185299379,-12.626510453942403,-12.336729519076107,-12.056715383824477,-11.785951816658573,-11.523962238781404,-11.270306023729436,-11.024575174172844,-10.78639134046347,-10.555403146719126,-10.331283792383118,-10.113728899779941,-9.902454580909865,-9.697195699409914,-9.497704306157999,-9.303748229358348,-9.115109802098587,-8.931584712307881,-8.752980961779537,-8.57911792246244,-8.409825479590813,-8.244943252426978,-8.084319884454601,-7.9278123957956765,-7.775285591448078,-7.626611519665513,-7.481668975439626,-7.340343044605814,-7.202524684589515,-7.068110338246191,-6.937001577633639,-6.809104774895811,-6.6843307977384905,-6.562594727243855,-6.4438155960075205,-6.327916144791496,-6.214822596073054,-6.104464443035528,-5.996774252694868,-5.89168748198775,-5.789142305764709,-5.689079455737069,-5.5914420695207045,-5.49617554900389,-5.403227427342312,-5.312547243952059,-5.224086426932544,-5.137798182405929,-5.053637390309022,-4.971560506217974,-4.8915254688259,-4.813491612729644,-4.737419586214173,-4.6632712737522635,-4.591009722963396,-4.520599075799363,-4.452004503745401,-4.385192146844668,-4.3201290563710595,-4.256783140990731,-4.195123116266365,-4.135118457370543,-4.076739354885447,-4.019956673575795,-3.9647419140303617,-3.911067177075177,-3.8589051308676603,-3.8082289805869336,-3.7590124406402325,-3.7112297093094715,-3.6648554457654554,-3.6198647493799783,-3.576233141268328,-3.5339365479962366,-3.492951287386703,-3.453254056362626,-3.414821920761677,-3.377632307059693,-3.3416629959384943,-3.306892117633403,-3.273298148994712,-3.2408599121962163,-3.209556575022545,-3.1793676526654178,-3.1502730109574015,-3.12225287096977,-3.095287814899461,-3.0693587931680018,-3.0444471326535423,-3.0205345459752326,-2.997603141747322,-2.9756354357186803,-2.9546143627118875,-2.9345232892744373,-2.915346026953498,-2.8970668461044475,-2.87967049014263,-2.863142190147194,-2.8474676797254683,-2.832633210046432,-2.8186255649520597,-2.805432076055912,-2.793040637739507,-2.7814397219580784,-2.7706183927693306,-2.760566320500672,-2.751273795472997,-2.742731741201923,-2.734931727000616,-2.7278659799119076,-2.7215273959014614,-2.7159095502479786,-2.7110067070711095,-2.706813827942725,-2.7033265795324537,-2.7005413402438325,-2.6984552058033384,-2.6970659937704005,-2.6963722469426625,-2.696373235637184,-2.697068958834504,-2.698460144179058,-2.7005482468360182,-2.7033354472109687,-2.7068246475454916,-2.7110194674080286,-2.7159242381057402,-2.72154399604918,-2.7278844751076337,-2.7349520979986948,-2.7427539667611995,-2.751297852365831,-2.760592183522835,-2.77064603475068,-2.7814691137740737,-2.793071748323536,-2.805464872412414,-2.8186600121704553,-2.832669271315865,-2.847505316350297,-2.86318136156332,-2.8797111539345774,-2.8971089580232485,-2.9153895409353603,-2.9345681574601823,-2.9546605354671875,-2.9756828616550917,-2.997651767744088,-3.0205843172019176,-3.0444979925934352,-3.069410683642364,-3.095340676092568,-3.1223066414547813,-3.1503276277230716,-3.179423051143639,-3.2096126891167516,-3.240916674310648,-3.2733554900645077,-3.3069499671556137,-3.341721282003916,-3.3776909563856354,-3.414880858725558,-3.453313207036474,-3.493010573572523,-3.5339958912622347,-3.5762924619859895,-3.6199239667619953,-3.6649144779044636,-3.7112884732175733,-3.7590708522892973,-3.8082869549496023,-3.8589625819590525,-3.9111240179952094,-3.9647980570066634,-4.020012030007115,-4.076793835385507,-4.135171971812215,-4.195175573826174,-4.256834450193448,-4.320179125134379,-4.385240882523809,-4.452051813177499,-4.5206448653475295,-4.5910538985602525,-4.663313740942822,-4.737460250197861,-4.813530378401314,-4.891562240815556,-4.971595188929088,-5.053669887955133,-5.13782839904533,-5.224114266500783,-5.312572610291988,-5.403250224231413,-5.49619568017854,-5.591459438697135,-5.6890939666286595,-5.789153862095278,-5.891695987500483,-5.996779611156537,-6.104466558235647,-6.214821371817515,-6.327911484890347,-6.443807404256434,-6.562582907398894,-6.684315253483702,-6.809085409803224,-6.936978295115229,-7.068083041497381,-7.2024932765236835,-7.3403074277795035,-7.481629051967946,-7.626567191127353,-7.775236758780794,-7.927758959178977,-8.084261743183331,-8.244880304772739,-8.409757622652446,-8.579045052005522,-8.752902972065364,-8.931501495912686,-9.115021249724183,-9.303654229635898,-9.497604745447315,-9.697090461597762,-9.902343547211677,-10.11361194855118,-10.33116079894848,-10.555273983230455,-10.786255875800869,-11.024433273908025,-11.270157550176629,-11.523807051169179,-11.785789771466762,-12.056546335344905,-12.336553320275048,-12.626326957728926,-12.926427246338775,-13.237462509168108,-13.560094418781969,-13.895043498015367,-14.243095076191963,-14.60510563279466,-14.982009381858258,-15.374824822719633,-15.784660777884149,-16.212721111627594,-16.66030680175011,-17.12881320671954,-17.619719047091913,-18.134561508750682,-18.674888507483864,-19.24217379671164,-19.837672144524742,-20.462178690582604,-21.115636950018345,-21.796512538953692,-22.5008172437439,-23.220646101982076,-23.942127498467507,-24.642899086852562,-25.28981080950932,-25.838658787659853,-26.238859338313677,-26.445110502573137,-26.43305452078243,-26.209606097402947,-25.809901930013627,-25.283372077108965,-24.678941520735393,-24.036369334806142,-23.384054751281393,-22.74047328253416,-22.116715628983734,-21.51885034248383,-20.949719535718643,-20.410178029239713,-19.89990451319365,-19.417916024322203,-18.962887231842863,-18.53334487846721,-18.12778364345992,-17.74473305243096,-17.382794143750377,-17.04065762717447,-16.717110869746197,-16.41103828225974,-16.121417948771516,-15.84731625646051,-15.58788160210604,-15.342337823857752,-15.109977738768192,-14.890156998896064,-14.682288374712547,-14.485836510743646,-14.300313160093713,-14.125272882330037,-13.96030917717663,-13.805051020740697,-13.659159769130014,-13.522326394753051,-13.394269022333393,-13.274730734090348,-13.163477616251482,-13.060297021832064,-12.964996027305002,-12.877400063315667,-12.797351701933122,-12.724709585061277,-12.659347480561987,-12.60115345437997,-12.550029148521153,-12.505889156140338,-12.468660486259548,-12.43828211178273,-12.41470459551346,-12.397889789836576,-12.387810606607152,-12.384450854615636,-1.8725424346799842,-0.7826908412058771,-0.9456663089280428,1.4058382554384201,1.9103904584792122,0.643172237190526
0.17409019737739226,0.17120756065952047,0.16254274848371125,0.14808521564712593,0.1278173436966161,0.10171439143951763,0.06974442580993113,0.031868233318323905,-0.011960787570587258,-0.061796752626186585,-0.11770143588234219,-0.1797444304914861,-0.24800332499106187,-0.3225638930520458,-0.4035202940978345,-0.49097528129276363,-0.5850404122448274,-0.6858362562724729,-0.7934925901552838,-0.9081485718009616,-1.0299528780583205,-1.1590637887858748,-1.2956491939863521,-1.4398864940022262,-1.591962354001319,-1.7520722627038983,-1.920419830791058,-2.0972157457599065,-2.282676275964563,-2.4770211856861675,-2.680470883392151,-2.893242574475829,-3.1155451247596613,-3.3475722583586864,-3.5894936090468654,-3.8414430136327415,-4.103503274833616,-4.375686426901878,-4.657908310509817,-4.9499560123106185,-5.251446471498844,-5.561774348030369,-5.880047174348643,-6.205006030135712,-6.534930740525173,-6.867530283311606,-7.1998222203255855,-7.528010148891778,-7.847375895071746,-8.152213364698937,-8.435842182340812,-8.690747634637399,-8.908892126000783,-9.082223624640903,-9.203362396301934,-9.266383170909679,-9.267547077414655,-9.205810285840819,-9.082971802847236,-8.903418056896143,-8.673536816747767,-8.400954489743746,-8.093767847378096,-7.759900671737566,-7.406649563636276,-7.0404230981400175,-6.666641167020027,-6.2897474852833435,-5.913290416821777,-5.540036987352956,-5.172096150801238,-4.811036963216952,-4.457994320785473,-4.113759479374362,-3.778855249456928,-3.453597146884433,-3.138142360551734,-2.8325285159189244,-2.5367040915521937,-2.250552119038042,-1.9739085406749488,-1.7065763534414105,-1.4483364494674182,-1.1989558782044336,-0.9581941031350845,-0.725807702815328,-0.501553867960479,-0.2851929688076538,-0.07649040616235153,0.12478208801515797,0.318845571701783,0.5059133356556147,0.6861905905240246,0.8598743381688544,1.027153380718466,1.188208431395049,1.3432122993620064,1.492330127211817,1.6357196646768335,1.7735315660068176,1.905909701462821,2.032991475715286,2.1549081477524354,2.271785148317277,2.383742391986215,2.490894581849484,2.5933515054062495,2.691218320788844,2.7845958328128235,2.87358075863951,2.9582659830546643,3.038740803527516,3.1150911653306945,3.18739988708358,3.2557468771368976,3.320209341251137,3.3808619820401913,3.4377771906584362,3.491025231206852,3.540674418324513,3.5867912884170057,3.629440764955035,3.6686863182552103,3.7045901201318436,3.73721319378413,3.7666155592575556,3.7928563747923922,3.815994074345653,3.836086501546273,3.8531910403163874,3.867364742364676,3.878664451730678,3.8871469265316887,3.8928689580366,3.8958874871631286,3.8962597184671157,3.894043231663966,3.8892960906935237,3.8820769503101267,3.8724451601495447,3.860460866193721,3.846185109522713,3.829679922211022,3.8110084201924344,3.7902348928838157,3.7674248893238027,3.7426453005473133,3.7159644378812513,3.6874521068108628,3.6571796760302204,3.6252201412542613,3.5916481833344003,3.5565402201848966,3.5199744519935128,3.4820308991580413,3.4427914323605617,3.4023397941641207,3.3607616114930505,3.3181443983387027,3.274577548017822,3.230152314302177,3.1849617807358577,3.1391008174622588,3.092666024896567,3.0457556636029794,2.9984695697694415,2.9509090557174478,2.903176794941171,2.855376691239442,2.8076137315867777,2.759993822485654,2.7126236096522938,2.6656102810120967,2.6190613531180453,2.5730844412558973,2.5277870136622775,2.483276130455107,2.439658168058259,2.397038530092165,2.3555213458967663,2.3152091580502336,2.2762026004430678,2.2386000686592036,2.2024973846003344,2.1679874574624933,2.135159943331871,2.104100905805297,2.074892480156774,2.04761254366047,2.022334394740325,1.999126443643148,1.9780519173240407,1.9591685811881727,1.9425284802503098,1.928177702152932,1.916156164325664,1.906497427374548,1.899228536561675,1.8943698929768815,1.8919351557173965,1.8919311760829969,1.8943579644686601,1.8992086902990586,1.9064697150056764,1.9161206577038374,1.928134492889192,1.9424776791475984,1.9591103175638278,1.9779863382286458,1.9990537129848298,2.022254692324472,2.047526064155537,2.074799431997437,2.104001510044458,2.135054432453206,2.1678760741651804,2.2023803805673197,2.2384777033201027,2.276075139742126,2.3150768732292524,2.3553845123020616,2.3968974260138602,2.4395130736092643,2.4831273264962643,2.5276347807791706,2.572929058791881,2.6189030982671397,2.6654494279744463,2.7124604288540715,2.759828579864479,2.8074466879429485,2.8552081016526047,2.903006908251501,2.950738114069769,2.998297808218331,3.045583309776536,3.092493298716053,3.138927930914744,3.184788937696669,3.2299797104038737,3.274405370562322,3.3179728262490906,3.3605908153016992,3.402169936033671,3.442622666134434,3.481863370437251,3.519808298236626,3.5563755708281066,3.5914851599288395,3.6250588576178204,3.6570202384112656,3.6872946140614133,3.715808981637339,3.7424919654143856,3.767273753065128,3.7900860266100924,3.8108618885508285,3.829535783572063,3.8460434161635195,3.8603216644761726,3.87230849069213,3.881942848152211,3.8891645854509016,3.893914347674622,3.8961334749261125,3.8957638982456375,3.892748033008042,3.8870286698440415,3.8785488631038794,3.867251816852171,3.8530807683536605,3.835978868981342,3.8158890624502284,3.7927539602524742,3.766515714142016,3.73711588548976,3.704495311303142,3.668593966677007,3.6293508234158214,3.586703704540612,3.540589134367433,3.4909421838182024,3.4376963105991303,3.3807831938574906,3.3201325629041682,3.2556720195681876,3.1873268537309407,3.1150198515730287,3.038671096057222,2.958197759168217,2.873513885436715,2.7845301662937283,2.691153704835798,2.593287770636681,2.490831544322871,2.3836798517462015,2.271722887746945,2.1548459297175055,2.0329290414658385,1.905846768259761,1.773467824433711,1.6356547755915618,1.4922637182849234,1.3431439611400118,1.1881377128167327,1.0270797839998709,0.85979731295892,0.6861095272157296,0.5058275577181078,0.31875432687580896,0.12468453818730235,-0.07659519662270452,-0.2853060465011586,-0.5016764059950088,-0.7259410187700511,-0.958339679847856,-1.199115387838052,-1.4485117813732338,-1.7067696464019801,-1.97412222016502,-2.2507889401843677,-2.536967188480635,-2.8328214581243194,-3.1384692167689145,-3.453962556611901,-3.7792645016889432,-4.114218597088686,-4.458510148106393,-4.811617249648155,-5.172749623141377,-5.5407733944559565,-5.914120524860229,-6.290682991473164,-6.667694488372379,-7.0416069805879715,-7.407976450079755,-7.7613817728242065,-8.09541188747593,-8.402766165006751,-8.67551510857612,-8.905554679251885,-9.085250180239077,-9.20820548453418,-9.270026973837941,-9.268910832509482,-9.205899274486141,-9.084732893747077,-8.91134148371983,-8.693111106214463,-8.438100810081025,-8.154354954242432,-7.8493941390166135,-7.529903458156982,-7.201592519338695,-6.869181926232056,-6.536469620090713,-6.206438892291097,-5.881381119426374,-5.563016485781346,-5.252603695189464,-4.951034860706941,-4.658914892264669,-4.376626387704114,-4.104381792797151,-3.842264812522851,-3.5902629820886056,-3.348293097691096,-3.1162209532634217,-2.893876577870758,-2.6810659413068896,-2.47757990094878,-2.2832010017258626,-2.097708610297447,-1.9208827599910208,-1.7525070003080698,-1.5923704797574443,-1.4402694398808988,-1.2960082586362645,-1.1594001503973907,-1.0302676057973605,-0.9084426359639269,-0.7937668711828522,-0.686091552746871,-0.5852774479820484,-0.49119471162903133,-0.4037227114580582,-0.3227498318776313,-0.24817326609501547,-0.1798988049002091,-0.11784062821600619,-0.061921104062713436,-0.012070598432302388,0.031772701321710735,0.06966294765318094,0.10164677714411796,0.12776343696275044,0.14804489273841961,0.16251591735093399,0.1711941602925241,0.17409019737739226,-0.33763303755750185,-0.4802027397590074,-1.8083987170631386,1.9977512907036412,1.9076837980790806,1.586149885707594
-12.888663402244426,-12.891525231973198,-12.900322829038446,-12.915071537948457,-12.93579715017626,-12.962536046445754,-12.995335398617872,-13.034253433426926,-13.079359761026957,-13.130735772066124,-13.188475107826417,-13.252684208859328,-13.323482948530867,-13.401005358976015,-13.485400458171364,-13.576833188181993,-13.67548547614361,-13.78155743122144,-13.895268692659911,-14.01685994611479,-14.146594627747717,-14.284760838055085,-14.43167349006999,-14.587676719354274,-14.7531465859689,-14.928494101167233,-15.114168613555893,-15.31066159035486,-15.518510828278531,-15.738305124055998,-15.97068942452103,-16.216370457100492,-16.476122808043975,-16.750795359450382,-17.041317903823263,-17.34870760564248,-17.67407474017969,-18.01862675783691,-18.383669113480853,-18.770600329690925,-19.180897214166603,-19.61608367868697,-20.07767266157044,-20.567064386301727,-21.0853743295919,-21.633149101627538,-22.209906101412127,-22.81340279168373,-23.43850926713028,-24.075547180784778,-24.70803657597935,-25.310106937634394,-25.84459418599299,-26.2640781587826,-26.517869332813355,-26.56580553431113,-26.3934449589847,-26.01839633075667,-25.48265598277052,-24.83710569440417,-24.12829680458103,-23.392190540065076,-22.653563790822098,-21.928064358881034,-21.22479491999327,-20.548508645249363,-19.901209856745226,-19.283233922055366,-18.693944678663744,-18.1321727484637,-17.596485517606403,-17.085350241314266,-16.597230201961107,-16.130639316036223,-15.684171169283923,-15.256512480630722,-14.846447235388387,-14.45285537197893,-14.074708430742223,-13.711063648474372,-13.36105740212622,-13.02389854109785,-12.698861919612849,-12.385282298552521,-12.0825486983199,-11.790099230867623,-11.507416407333785,-11.234022899748737,-10.96947772587926,-10.713372822187015,-10.465329969005415,-10.224998033049904,-9.992050494426877,-9.766183227867687,-9.547112510659195,-9.33457323247577,-9.128317284926496,-8.928112111056969,-8.73373939725976,-8.544993892046527,-8.36168233792317,-8.18362250419993,-8.010642309977191,-7.842579027791889,-7.679278559506022,-7.520594776983957,-7.366388920954798,-7.216529052202796,-7.070889549885887,-6.929350652360887,-6.7917980364026596,-6.658122431153455,-6.528219263534214,-6.401988332198769,-6.279333507420808,-6.16016245457636,-6.044386379126605,-5.931919791220267,-5.822680288225383,-5.716588353669599,-5.613567171218792,-5.513542452458367,-5.416442277361168,-5.322196946433326,-5.230738843624941,-5.142002309178425,-5.055923521664139,-4.972440388522072,-4.891492444490235,-4.813020757356284,-4.736967840519099,-4.663277571892217,-4.591895118721878,-4.522766867929265,-4.455840361619742,-4.3910642374319515,-4.328388173426758,-4.267762837240702,-4.209139839250744,-4.152471689517205,-4.097711758290097,-4.044814239880315,-3.993734119712291,-3.944427144387921,-3.8968497946038587,-3.8509592607752516,-3.8067134212287574,-3.7640708228366826,-3.722990663971983,-3.6834327796711124,-3.6453576288979606,-3.6087262838080143,-3.5735004209167016,-3.5396423140805977,-3.507114829203931,-3.4758814205863793,-3.44590612883112,-3.417153580234655,-3.3895889875823175,-3.3631781522750073,-3.337887467714543,-3.313683923876166,-3.290535112997884,-3.268409236317223,-3.247275111786554,-3.2271021826987765,-3.2078605271555,-3.189520868310092,-3.172054585318282,-3.1554337249289928,-3.139631013648354,-3.1246198704097776,-3.1103744196831635,-3.0968695049564117,-3.0840807025225434,-3.071984335506049,-3.0605574880622113,-3.049778019683888,-3.0396245795503245,-3.030076620853657,-3.0211144150392206,-3.0127190658969343,-3.0048725234420157,-2.997557597524652,-2.9907579711096153,-2.9844582131685318,-2.9786437911293033,-2.973301082829179,-2.968417387920258,-2.96398093867851,-2.959980910169993,-2.95640742973084,-2.9532515857203046,-2.9505054355094797,-2.9481620126713954,-2.946215333341709,-2.9446604017227065,-2.9434932147070065,-2.9427107656011047,-2.942311046932739,-2.942293052330067,-2.9426567774645047,-2.9434032200531806,-2.9445343789209826,-2.946053252126164,-2.9479638341575765,-2.9502711122154968,-2.95298106159199,-2.956100640170616,-2.959637782068988,-2.963601390451427,-2.968001329542533,-2.972848415875661,-2.978154408813975,-2.9839320003844,-2.990194804468133,-2.9969573453938043,-3.004235045982253,-3.012044215094063,-3.020402034733336,-3.0293265467631816,-3.0388366392901793,-3.048952032776776,-3.0596932659420584,-3.071081681512484,-3.083139411885438,-3.0958893647693593,-3.109355208864917,-3.123561359652421,-3.1385329653512786,-3.1542958931174736,-3.170876715545638,-3.188302697542275,-3.2066017836370535,-3.2258025857990837,-3.2459343718252125,-3.2670270543675333,-3.289111180667269,-3.3122179230624793,-3.33637907033712,-3.361627019979328,-3.387994771417196,-3.415515920300769,-3.44422465389973,-3.4741557476870497,-3.5053445631800386,-3.537827047111388,-3.5716397320045994,-3.6068197382298477,-3.6434047776187195,-3.6814331587188276,-3.720943793772169,-3.7619762075047336,-3.8045705478187095,-3.848767598483,-3.894608793923042,-3.9421362362163945,-3.9913927144070556,-4.042421726258561,-4.095267502573949,-4.149975034219408,-4.206590101998476,-4.26515930953443,-4.325730119330705,-4.388350892192642,-4.453070930208634,-4.519940523505259,-4.589011001009093,-4.660334785467977,-4.733965453006769,-4.809957797517027,-4.888367900207261,-4.96925320467044,-5.052672597858463,-5.138686497390323,-5.227356945661174,-5.3187477112648684,-5.412924398292573,-5.509954564125791,-5.609907846404081,-5.712856099916621,-5.8188735442436474,-5.928036923059383,-6.040425676103886,-6.1561221249379985,-6.275211673715554,-6.397783026340967,-6.52392842153113,-6.653743887469519,-6.78732951793091,-6.924789771969219,-7.066233799503133,-7.211775795406538,-7.361535385019854,-7.515638044347133,-7.674215558599546,-7.837406523194412,-8.005356891828008,-8.178220576819095,-8.356160107577159,-8.539347353797318,-8.727964320833996,-8.92220402567247,-9.122271463016032,-9.328384672254108,-9.540775917490038,-9.759692994404016,-9.985400679524364,-10.21818233949135,-10.45834172013011,-10.70620493759849,-10.962122696517685,-11.22647276277335,-11.499662721483396,-11.782133053279322,-12.074360564223019,-12.376862205866765,-12.69019932133867,-13.014982349596675,-13.351876011096898,-13.701604980856724,-14.06496002423561,-14.442804518818624,-14.836081200165058,-15.24581883029537,-15.673138264588584,-16.11925703582728,-16.585491004434925,-17.07325071476542,-17.58402864507687,-18.119371217304867,-18.680825723140458,-19.269846415118472,-19.887634687363935,-20.534873838328384,-21.211297429080926,-21.91500077356739,-22.641371717513024,-23.381499592465467,-24.119979871992765,-24.832303006497828,-25.482715644945607,-26.024654432471483,-26.406814231242464,-26.58630981296841,-26.54444382811593,-26.294857558864496,-25.877513658956083,-25.3434175661123,-24.740520984462048,-24.106490717659213,-23.46756988442663,-22.840477156916563,-22.235028138744276,-21.65642348065476,-21.106936479099957,-20.587057949419048,-20.096237577946216,-19.633350438561884,-19.19698456444322,-18.785614835258723,-18.397705660620122,-18.031769488973524,-17.686398141559426,-17.360277601703928,-17.05219288630305,-16.76102712026206,-16.485757367044837,-16.225448787231414,-15.979248082195898,-15.746376794787407,-15.526124797889738,-15.317844151613437,-15.120943417154535,-14.934882458935428,-14.759167733164574,-14.593348041923097,-14.437010721900961,-14.289778232509779,-14.151305107093648,-14.021275231941189,-13.899399419885171,-13.785413247905268,-13.679075130981795,-13.580164607279157,-13.488480812448264,-13.40384112336617,-13.326079953950138,-13.255047687786949,-13.190609734212176,-13.132645696172629,-13.081048639725104,-13.035724456384292,-12.996591310751654,-12.96357916695255,-12.936629388398313,-12.915694406289525,-12.900737453100275,-12.891732358045317,-12.888663402244426,-0.36014665307702454,-0.6732068319114186,-0.24187574807698597,1.3202400601744797,0.6202566933195454,1.9143719702187738
-6.1576086764132,-6.159567863921344,-6.1654489768278875,-6.175257893785037,-6.189004435952958,-6.206702404295298,-6.228369632200251,-6.254028053840829,-6.283703788815228,-6.317427243743049,-6.355233231636438,-6.397161110020109,-6.4432549389423945,-6.493563660203271,-6.548141299328444,-6.607047192043375,-6.670346237252122,-6.738109178806928,-6.810412918670769,-6.887340864432641,-6.968983314540438,-7.055437885077636,-7.146809982436155,-7.2432133268402925,-7.3447705323682,-7.451613749913508,-7.56388538044812,-7.681738867010193,-7.805339575073686,-7.934865772388649,-8.070509721050875,-8.21247889650903,-8.360997350498804,-8.516307237569032,-8.678670528007942,-8.84837093367678,-9.025716077618075,-9.211039943449636,-9.404705646629413,-9.607108576847935,-9.818679969267162,-10.03989097229032,-10.271257291243002,-10.51334450099295,-10.766774136314483,-11.032230686784324,-11.31046964301937,-11.60232676252435,-11.908728744871368,-12.230705524446828,-12.569404398969192,-12.926106203071546,-13.302243689765412,-13.699422165039273,-14.119442172252718,-14.564323535976953,-15.036329156250813,-15.537985243870107,-16.07209156692899,-16.641709566500612,-17.250105735780572,-17.900608473290333,-18.59630153246271,-19.339413735561767,-20.130153429845098,-20.964555980398405,-21.830676246327556,-22.70235315320141,-23.530550089134753,-24.235758668347817,-24.712568081764875,-24.861582442510837,-24.642110072462536,-24.099284474685263,-23.334160116700527,-22.45123586397561,-21.52825005150796,-20.612715206777274,-19.729780011365992,-18.890794975779155,-18.099398448959395,-17.355211296190912,-16.65591937708965,-15.998398978946122,-15.379304959881377,-14.795365309346655,-14.24351789638688,-13.720963738455927,-13.225177184982446,-12.75389486024727,-12.305095092394659,-11.876974031485592,-11.467921642120801,-11.076499112410612,-10.701418333612471,-10.341523635004409,-9.995775719482873,-9.66323763300886,-9.34306255733304,-9.034483207958418,-8.736802629954473,-8.449386203027602,-8.171654688765067,-7.903078174373929,-7.643170787156536,-7.391486071822228,-7.1476129383909734,-6.9111721019763035,-6.68181294732698,-6.459210760881567,-6.243064281472659,-6.033093527921651,-5.829037867780126,-5.630654296568367,-5.437715901178511,-5.250010484772435,-5.0673393336159425,-4.88951610893865,-4.716365849166278,-4.547724069800077,-4.383435949868362,-4.223355595290381,-4.067345370709095,-3.9152752923971166,-3.7670224757441306,-3.6224706316162574,-3.4815096065555102,-3.344034962376257,-3.2099475912278326,-3.0791533626391616,-2.9515627994516676,-2.8270907798883638,-2.705656263306703,-2.587182037446186,-2.4715944852135148,-2.358823369252467,-2.248801632726329,-2.1414652149004874,-2.036752880254495,-1.9346060599785178,-1.8349687048210772,-1.7377871483544338,-1.6430099798128208,-1.5505879257379698,-1.4604737397375491,-1.37262209972528,-1.2869895120689414,-1.2035342221232777,-1.1222161306710727,-1.04299671583704,-0.9658389600764596,-0.8907072818743531,-0.8175674718213023,-0.7463866327597479,-0.6771331237193494,-0.60977650738291,-0.5442875008446797,-0.4806379294416181,-0.4188006834552148,-0.35874967749689873,-0.3004598124042184,-0.24390693948775694,-0.18906782698065147,-0.13592012855327862,-0.08444235376544781,-0.03461384033771591,0.013585271868573274,0.06017406526497994,0.10517086743907714,0.14859327263603805,0.19045816190183723,0.2307817219657103,0.26957946293434276,0.30686623486558623,0.3426562432850446,0.3769630637048272,0.4097996551999316,0.4411783730940705,0.4711109808036682,0.4996086608852568,0.5266820253289408,0.5523411251375164,0.5765954592284526,0.5994539826932911,0.620925114446802,0.6410167442958852,0.6597362394561819,0.6770904505422108,0.693085717054986,0.7077278723891168,0.7210222483796012,0.73297367940676,0.7435865060760772,0.7528645784880132,0.7608112591112602,0.7674294252713578,0.7727214712649505,0.776689310108559,0.7793343749291575,0.7806576200023585,0.7806595214425855,0.7793400775481584,0.7766988088026848,0.7727347575327953,0.7674464872207477,0.7608320814690419,0.7528891426126192,0.7436147899728645,0.7330056577460958,0.721057892517699,0.7077671503915706,0.6931285937230174,0.6771368874415802,0.6597861949487455,0.6410701735737613,0.6209819695691159,0.59951421262549,0.5766590098840884,0.5524079394225435,0.5267520431883861,0.49968181935231737,0.4711872140511201,0.4412576124879506,0.40988182935546236,0.37704809854450994,0.34274406209885266,0.30695675837324365,0.26967260934955173,0.23087740706232235,0.19055629908187935,0.14869377299951664,0.10527363985548129,0.06027901644643034,0.013692306444502788,-0.03450481974440398,-0.08433144646084247,-0.13580743569362236,-0.18895345149233833,-0.24379098598618076,-0.3003423871116361,-0.35863088815940775,-0.41868063925888926,-0.48051674092799307,-0.5441652798256401,-0.6096533668551231,-0.6770091777783536,-0.7462619965138404,-0.8174422613053285,-0.890581613963536,-0.9657129524004532,-1.0428704866942928,-1.1220897989436778,-1.2034079071924708,-1.2868633337314226,-1.3724961781105016,-1.460348195226178,-1.5504628788816988,-1.6428855512557168,-1.7376634587561002,-1.8348458747817293,-1.9344842099663628,-2.036632130535502,-2.141345685470953,-2.2486834432484497,-2.358706638993235,-2.4714793329872635,-2.5870685815611454,-2.705544621515956,-2.8269810693455515,-2.951455136672003,-3.079047863466129,-3.209844370806176,-3.3439341351318106,-3.48141128618253,-3.622374931072981,-3.766929507257299,-3.915185167476408,-4.067258200172433,-4.223271489301171,-4.383355017985934,-4.547646421044712,-4.7162915921003945,-4.889445351765879,-5.067272184300209,-5.249947051179262,-5.437656291241225,-5.630598618482232,-5.828986230227887,-6.033046040334514,-6.243021054331374,-6.459171906062959,-6.681778578502397,-6.911142335069174,-7.147587892102232,-7.39146586823367,-7.6431555524241634,-7.903068039525372,-8.171649790617769,-8.449386685247852,-8.736808644280728,-9.034494915617298,-9.343080130681434,-9.663261257442393,-9.995805595658295,-10.341559981432479,-10.701461389688161,-11.076549141958004,-11.467978937541714,-11.877038918610086,-12.305167936136112,-12.753976071156748,-13.225267226763933,-13.721063136420558,-14.24362724664324,-14.79548528815807,-15.3794363319019,-15.998542601658691,-16.656076196109527,-17.35538232102383,-18.09958468918971,-18.890997299715195,-19.72999885685396,-20.612950020539174,-21.52849826379393,-22.451491183789813,-23.334410209777264,-24.09950921948574,-24.642283728471885,-24.861683080445474,-24.71258984289377,-24.23571448011932,-23.53046217993149,-22.702242371023225,-21.8305574867418,-20.96443834784123,-20.13004191473682,-19.339310781368034,-18.59620811478142,-17.900524760032784,-17.250031469817262,-16.64164428141256,-16.072034706448754,-15.537936226713345,-15.036287410222462,-14.564288514881426,-14.119413363256095,-13.699399090812213,-13.302225907859338,-12.926093303915845,-12.569396003268691,-12.230701280410228,-11.908728325501027,-11.602329863082954,-11.310475978723854,-11.032239990740853,-10.76678615768888,-10.513359003400897,-10.271274051340086,-10.039909778540972,-9.818700620871766,-9.607130882809201,-9.404729424940573,-9.211065020388968,-9.025742287136207,-8.848398116864768,-8.678698532635675,-8.516335917684986,-8.361026566083144,-8.212508513173326,-8.0705396097784,-7.934895809310145,-7.805369641274122,-7.681768848362531,-7.56391516747075,-7.451643237648312,-7.344799620276659,-7.243241918715343,-7.146837986327792,-7.055465213230443,-6.969009883341566,-6.8873665943687845,-6.810437734292966,-6.738133008702084,-6.670369014020321,-6.607068852280101,-6.548161783610999,-6.493582913080694,-6.443272908928304,-6.397177749587952,-6.355248497216646,-6.317441095721746,-6.283716191534062,-6.254038975597698,-6.228379045250555,-6.206710284853543,-6.189010764194499,-6.1752626538477635,-6.165452156813745,-6.159569455897577,-6.1576086764132,-1.8548120020984489,-1.9534396206840774,-1.3549961944268143,0.7909823370997682,1.0298249360717857,1.8046373964502513
-7.003374219950772,-7.005407110237034,-7.011510963778185,-7.021689859609989,-7.035950611231269,-7.054302795520597,-7.076758793510649,-7.103333843312094,-7.13404610556876,-7.168916741920079,-7.207970007047358,-7.251233354988309,-7.29873756052112,-7.350516856546654,-7.406609088537602,-7.467055887277843,-7.531902861287434,-7.601199810520333,-7.6750009631376415,-7.753365237401443,-7.8363565310088035,-7.924044040496758,-8.016502613703544,-8.113813138676413,-8.2160629728803,-8.323346417095255,-8.435765239005464,-8.553429252194142,-8.676456957083499,-8.804976251318994,-8.939125218217077,-9.079053003207138,-9.224920789738142,-9.376902887934826,-9.535187951433079,-9.699980340368233,-9.87150165151865,-10.049992440225331,-10.235714163048158,-10.42895137534417,-10.630014224269797,-10.839241285376408,-11.057002800316717,-11.283704384627477,-11.519791288637277,-11.765753311956681,-12.02213049363002,-12.289519727017213,-12.56858248233235,-12.86005386245623,-13.16475327173902,-13.483597046402682,-13.817613483296913,-14.167960817011922,-14.535948841359334,-14.923065059890321,-15.331006493936263,-15.761718590790284,-16.21744307591036,-16.70077709621889,-17.21474660938538,-17.762897651605144,-18.3494097302837,-18.979235759646677,-19.658271712560666,-20.393554080258333,-21.193468340793316,-22.067912090142595,-23.028254852089468,-24.086677254777044,-25.253811909774626,-26.531961678648987,-27.897444303411312,-29.26005038601874,-30.39634108102632,-30.940769312004427,-30.63274283083497,-29.619593851987652,-28.27480207539446,-26.87404569744419,-25.541956109570577,-24.31735423811475,-23.203405620610948,-22.191002503330274,-21.268029575472145,-20.422703362154525,-19.644602983268577,-18.924841586888295,-18.255942655297044,-17.631636758133222,-17.046657651599308,-16.496563230660236,-15.977586438078006,-15.48651396596311,-15.02058849820775,-14.577430115925424,-14.154973021418728,-13.751414415628481,-13.36517300061663,-12.994855115665116,-12.639226947735192,-12.297191596871517,-11.96777004142559,-11.650085252583569,-11.343348865986545,-11.046849940911736,-10.75994543285522,-10.482052079795645,-10.212639460784686,-9.95122403149599,-9.697363977777897,-9.450654757235919,-9.21072522205132,-8.977234234876759,-8.74986770470245,-8.528335981803771,-8.312371560843632,-8.101727049362461,-7.896173365601495,-7.695498135150046,-7.499504260507226,-7.3080086414784695,-7.120841027528795,-6.937842985900405,-6.758866971563286,-6.583775486977382,-6.41244032126359,-6.244741859757042,-6.080568456089433,-5.919815859951076,-5.7623866945437685,-5.608189978476254,-5.457140687492056,-5.309159351971405,-5.164171686627189,-5.022108249230071,-4.882904125559665,-4.746498638094089,-4.612835076226076,-4.481860446035513,-4.3535252378605005,-4.227783210095592,-4.104591187810352,-3.9839088749265072,-3.8656986788203755,-3.749925546330934,-3.6365568102547514,-3.5255620454986314,-3.4169129341406608,-3.3105831387214044,-3.2065481831503586,-3.1047853406697143,-3.0052735283680496,-2.907993207782164,-2.812926291166108,-2.720056053043169,-2.629367046689591,-2.540845025228529,-2.4544768670397152,-2.3702505052143943,-2.2881548608072095,-2.20817977965642,-2.1303159725620224,-2.0545549586276137,-1.980889011586683,-1.9093111089477857,-1.8398148838051178,-1.7723945791725595,-1.7070450047094754,-1.6437614957159794,-1.5825398742841634,-1.5233764124997153,-1.4662677975956298,-1.411211098966698,-1.3582037369594369,-1.30724345335818,-1.2583282834932652,-1.2114565299023436,-1.1666267374803796,-1.1238376700584212,-1.0830882883551072,-1.0443777292488354,-1.007705286321989,-0.9730703916320471,-0.940472598667649,-0.9099115664505226,-0.8813870447472323,-0.8548988603574232,-0.8304469044476372,-0.8080311209025794,-0.7876514956677623,-0.7693080470601397,-0.753000817025191,-0.7387298633213303,-0.726495252614467,-0.7162970544676734,-0.7081353362128069,-0.7020101586929297,-0.6979215728663168,-0.6958696172646152,-0.6958543162997187,-0.6978756794156382,-0.7019337010835691,-0.7080283616401473,-0.7161596289707161,-0.7263274610412549,-0.7385318092844882,-0.7527726228475461,-0.7690498537103762,-0.7873634626861381,-0.8077134263166075,-0.8300997446777445,-0.8545224501125183,-0.8809816169101857,-0.909477371953451,-0.9400099063570255,-0.9725794881235063,-1.007186475844867,-1.0438313334803655,-1.0825146462441608,-1.123237137638822,-1.165999687673711,-1.2108033523101898,-1.2576493841788507,-1.3065392546173673,-1.357474677081048,-1.410457631982092,-1.4654903930175593,-1.5225755550504074,-1.5817160636126188,-1.6429152461044794,-1.706176844769346,-1.7715050515291377,-1.8389045447720433,-1.9083805281905961,-1.979938771775809,-2.0535856550808833,-2.1293282128767546,-2.2071741833312326,-2.287132058853747,-2.369211139759119,-2.453421590915977,-2.5397745015592395,-2.6282819484606765,-2.718957062668249,-2.81181410004267,-2.906868515839754,-3.0041370436088703,-3.103637778702212,-3.205390266716344,-3.3094155972174266,-3.415736503134284,-3.52437746624046,-3.6353648291871243,-3.748726914594175,-3.864494151757763,-3.982699211589117,-4.103377150463073,-4.2265655637257655,-4.35230474969077,-4.480637885042638,-4.611611212667564,-4.745274243044865,-4.881679970461041,-5.0208851054536225,-5.162950325056399,-5.307940542604255,-5.455925199068109,-5.606978578132118,-5.761180147501412,-5.9186149292438905,-6.079373902331598,-6.243554440962477,-6.411260792721604,-6.582604601193049,-6.757705478271806,-6.936691632166027,-7.119700557940419,-7.306879798456018,-7.498387784735057,-7.694394766156501,-7.895083842506825,-8.100652111821372,-8.311311950213542,-8.527292442575613,-8.748840986238102,-8.976225093506025,-9.20973442359226,-9.449683080016072,-9.696412216250849,-9.950293000569252,-10.211730001002193,-10.481165063552512,-10.759081771867171,-11.046010595218785,-11.342534854845532,-11.649297667702033,-11.967010063119199,-12.296460513900733,-12.638526181809544,-12.994186251921118,-13.364537825811196,-13.75081496639604,-14.15441164579299,-14.576909552541684,-15.020111979356734,-15.486085353237835,-15.977210403180965,-16.496245499723045,-17.046405340268045,-17.63145883861709,-18.25585061883342,-18.924850401266042,-19.64473250493962,-20.422980463017566,-21.26849141440287,-22.191701656770245,-23.204418235678705,-24.318792948284123,-25.54398954935227,-26.87692282570836,-28.27885911385708,-29.625150169386384,-30.639692362623666,-30.948061993848484,-30.402552522494915,-29.264612596668993,-27.900588423778636,-26.53410192231439,-25.255280528276405,-24.08769793997547,-23.028972174763467,-22.06841984288903,-21.19382855606613,-20.393808766606817,-19.658449999258167,-18.97935829357076,-18.349491436157916,-17.762949504694703,-17.214776800446316,-16.70079181415658,-16.21744704461396,-15.761715444505686,-15.330999044444066,-14.923055489814786,-14.535938846161143,-14.167951710754261,-13.817606278453356,-13.483592514806828,-13.164751991657162,-12.8600562553265,-12.568588841723315,-12.289530241667233,-12.022145265939784,-11.765772372957082,-11.519814610201834,-11.283731889513078,-11.05703437047966,-10.839276768908878,-10.63005344122518,-10.42899412266133,-10.235760218740715,-10.050041566967373,-9.871553599732149,-9.700034850896573,-9.535244757868934,-9.376961718657741,-9.224981369707042,-9.07911505554486,-8.939188465617374,-8.805040417301345,-8.676521767116682,-8.553494434706067,-8.435830526293952,-8.323411546152055,-8.21612768613878,-8.11387718469167,-8.016565747772484,-7.924106025224438,-7.836417136826541,-7.753424243041302,-7.675058156067365,-7.601254987342127,-7.5319558281036025,-7.467106460025864,-7.406657093296857,-7.3505621298187975,-7.298779949485711,-7.251272717735228,-7.208006212787259,-7.1689496711739755,-7.134075650337703,-7.103359907227799,-7.07678129196773,-7.054321655791075,-7.035965772561783,-7.021701273302236,-7.011518593252837,-7.005410931081471,-7.00337421995077,-0.2825578010858256,-0.6892907376113657,-0.9122911746318974,0.5571517837598962,1.999991161237125,0.9236698178354446
2.3316424659422856,2.3291917880735618,2.3219620342015377,2.3099466277333014,2.2931345931045346,2.271510527231574,2.245054559564768,2.2137423007290367,2.1775447797456646,2.1364283698472124,2.090354702928823,2.039280572727037,1.983157826887436,1.9219332481795615,1.8555484252499619,1.7839396134802232,1.7070375867480814,1.6247674811901025,1.5370486324521955,1.4437944084108336,1.3449120399826469,1.2403024534471931,1.129860108732999,1.0134728494162373,0.8910217718265857,0.7623811227362614,0.6274182377411099,0.48599353577181525,0.33796058938470575,0.18316629580832045,0.021451180462441943,-0.14735012680396975,-0.32340819171309426,-0.5068977870917633,-0.697996533950791,-0.8968830682806948,-1.1037346021717225,-1.3187237131654783,-1.5420141522122564,-1.7737554062702698,-2.0140756842467087,-2.263072912388767,-2.520803225398345,-2.7872663214009203,-3.0623869134575026,-3.3459913626412465,-3.637778430185464,-3.9372829636406785,-4.243831279213896,-4.556487095183093,-4.873987229693551,-5.194667079603583,-5.516377392481344,-5.836396334825218,-6.151344646693353,-6.457116905379069,-6.748848312929815,-7.020942826088032,-7.26719239420274,-7.481014640344235,-7.655822970600918,-7.78551606644627,-7.865035743022669,-7.8909043364959786,-7.861632807415059,-7.777904327250164,-7.642487340466343,-7.459900123040917,-7.235907771280341,-6.976959881298779,-6.689668089596543,-6.380389131342875,-6.054939417986049,-5.7184353959304355,-5.375235731101902,-5.0289554582153615,-4.682524376355643,-4.338267847300715,-3.9979947430716702,-3.6630830120984905,-3.334557644875189,-3.0131587518226297,-2.699399287160464,-2.393612975866385,-2.095993497021662,-1.8066261496058398,-1.525513216242388,-1.2525941367017435,-0.9877614608081156,-0.7308734008310819,-0.48176366266350906,-0.24024911036652438,-0.006135712205887332,0.2207768723677183,0.44069177797745596,0.6538122628107281,0.8603397015604674,1.0604720987425227,1.254403009298952,1.4423207771755324,1.6244080213856695,1.800841313958277,1.971791005931295,2.137421166848204,2.297889610560127,2.4533479859417717,2.603941915718895,2.7498111702346146,2.8910898658526216,3.027906679966345,3.1603850763794386,3.288643536243416,3.4127957908608755,3.532951053548956,3.6492142484564067,3.7616862347775015,3.8704640252371276,3.975640998058978,4.077307101890933,4.17554905336497,4.270450527124474,4.362092338270226,4.450552617264844,4.535906977400311,4.618228674979811,4.697588762396602,4.774056234313189,4.847698167155109,4.918579852138304,4.986764922047902,5.052315471981342,5.115292174260863,5.175754387710073,5.2337602614776815,5.289366833578729,5.342630124310287,5.3936052246850155,5.442346380012173,5.488907068742453,5.533340076679629,5.575697566649542,5.616031143704845,5.654391915932525,5.69083055092066,5.725397327930959,5.758142185814732,5.789114766701808,5.818364455484904,5.845940415115624,5.871891617723307,5.896266871563731,5.919114843801716,5.940484079129727,5.960423014223837,5.978979988038644,5.996203247944505,6.012140951712919,6.026841165360022,6.04035185686321,6.052720885772322,6.063995988744337,6.0742247610393685,6.083454634025673,6.091732848752452,6.099106425661477,6.105622130521763,6.111326436685699,6.116265483780258,6.120485032962655,6.124030418886549,6.126946498541885,6.129277597149163,6.131067451306594,6.132359149606648,6.133195070956243,6.133616820852318,6.133665165881701,6.1333799667304465,6.13280011000332,6.131963439168383,6.1309066849546445,6.129665395542129,6.12827386689339,6.126765073583087,6.125170600487881,6.123520575701956,6.12184360504429,6.120166708521825,6.118515259108217,6.116912924190282,6.115381610024367,6.113941409531625,6.112610553745577,6.1114053672068955,6.110340227579103,6.109427529735471,6.108677654541587,6.10809894252993,6.107697672633201,6.107478046111713,6.107442175777381,6.1075900805833285,6.1079196856136475,6.108426827473265,6.109105265043117,6.109946695531548,6.110940775719156,6.11207514826162,6.113335472883701,6.1147054622678105,6.116166922412644,6.117699797211471,6.11928221697624,6.120890550612491,6.122499461131711,6.124081964171913,6.125609489184387,6.1270519429342984,6.128377774955572,6.1295540445958485,6.130546489285459,6.131319593665099,6.131836659210044,6.132059873994333,6.131950382245943,6.131468353353732,6.130573049998244,6.129222895091544,6.127375537225489,6.124987914343362,6.122016315366147,6.118416439521744,6.114143453142958,6.109152043718025,6.103396470995129,6.096830614960441,6.0894080205264824,6.0810819387850215,6.071805364695059,6.061531071092485,6.050211638923043,6.037799483614428,6.024246877516598,6.0095059683515375,5.993528793624815,5.976267290961223,5.957673304335501,5.937698586176781,5.916294795331721,5.8934134908763935,5.869006121770955,5.8430240123538795,5.815418343673981,5.786140130658842,5.755140195117505,5.722369134573267,5.687777286919459,5.651314690886968,5.612931042307052,5.572575646146909,5.530197364288316,5.485744559011472,5.439165032137341,5.390405959771837,5.339413822584607,5.2861343315437015,5.230512349015531,5.172491805126571,5.112015609270455,5.049025556630358,4.983462229573075,4.915264893757482,4.844371388786711,4.77071801322066,4.694239403753752,4.614868408352653,4.532535953140716,4.4471709028110045,4.358699914348832,4.267047283849219,4.172134786226059,4.073881507630252,3.972203670425915,3.8670144506203705,3.758223787708962,3.645738186984552,3.5294605144802738,3.409289784870552,3.2851209428590895,3.1568446388459908,3.0243470000047963,2.887509398332961,2.7462082177913,2.600314623349101,2.4496943356411007,2.2942074160693444,2.1337080686086,1.9680444663771393,1.7970586133139665,1.6205862541855611,1.438456849788199,1.250493638819308,1.0565138137191026,0.8563288451577898,0.6497449991755405,0.4365641027928308,0.21658462885332763,-0.010396810240252373,-0.24458344636346374,-0.48617567344332446,-0.7353675176751604,-0.9923420312795311,-1.2572653218610228,-1.5302788565245817,-1.8114895909194741,-2.100957366575444,-2.398678894817496,-2.704567504455377,-3.0184276807191406,-3.339923280929309,-3.6685382095151073,-4.003528326384502,-4.343863539221465,-4.688159533175564,-5.034599625452964,-5.380849069475822,-5.723967087009423,-6.060326244257562,-6.385554535261737,-6.694522135713758,-6.9814006384098395,-7.239824634339792,-7.463179425799041,-7.6450202046270475,-7.779596067311104,-7.862412518046417,-7.890732823658548,-7.863910025460586,-7.783469380730318,-7.652920341481205,-7.477345166323208,-7.262860013491776,-7.016057314186627,-6.743517773670678,-6.451442355952222,-6.145416725479597,-5.830293803311262,-5.510166958941558,-5.188404078701653,-4.8677167754833714,-4.550245430421118,-4.237647140572341,-3.9311788580046683,-3.6317717703309005,-3.3400954447681457,-3.0566117391805037,-2.7816192773673936,-2.5152896382203274,-2.2576964975205116,-2.0088389064547862,-1.7686597674506506,-1.537060420111266,-1.3139121023887528,-1.0990649168822104,-0.8923548142576896,-0.6936090062192832,-0.5026501381176681,-0.3192994841670563,-0.1433793740916368,0.0252849833537638,0.18686414911553667,0.34152347141093065,0.48942239047846214,0.630713966066902,0.7655445768293467,0.8940537515420488,1.016374100563858,1.132631322665108,1.2429442676605236,1.3474250394745693,1.4461791275837508,1.5393055574021266,1.6268970522493662,1.7090402011790147,1.7858156282383124,1.8572981597520044,1.9235569870262117,1.9846558225003021,2.0406530478693337,2.091601853085317,2.1375503654448913,2.178541768200634,2.214614408308809,2.245801893057558,2.272133175416457,2.2936326280178374,2.310320105727904,2.322210996796677,2.3293162625934136,2.3316424659422856,-0.5989148030153941,-0.5968252515692956,-1.0415996120351103,1.6230971293664527,1.9244430409820676,1.8013568739790538
-8.560523187630999,-8.562305692114702,-8.567712203235253,-8.576747010095755,-8.589417282526613,-8.605733097531719,-8.625707476604397,-8.64935643417744,-8.676699037552627,-8.707757478740586,-8.742557158732685,-8.78112678482415,-8.823498481712956,-8.86970791721402,-8.91979444355433,-8.973801255353735,-9.03177556555073,-9.09376880070489,-9.159836817300617,-9.230040140894344,-9.304444230192477,-9.383119768425804,-9.466142984702193,-9.55359600838063,-9.645567259922533,-9.742151882150958,-9.843452216394265,-9.949578328621913,-10.060648591410928,-10.176790328430878,-10.298140529125206,-10.424846642424255,-10.557067459683072,-10.694974098634988,-10.838751102038856,-10.988597666933781,-11.144729023074586,-11.307377982295566,-11.476796684354806,-11.65325856938917,-11.83706061264158,-12.028525863836176,-12.228006341761956,-12.435886344652713,-12.652586249295652,-12.878566887077223,-13.114334604181563,-13.36044713693839,-13.617520463249182,-13.88623682892398,-14.167354196067397,-14.461717422624684,-14.77027156225253,-15.094077777822667,-15.43433249833776,-15.792390629192333,-16.1697938652851,-16.568305477371844,-16.989953374717075,-17.437083833848845,-17.91242908206729,-18.419193012838797,-18.9611607860156,-19.54284003531297,-20.169643934624663,-20.848129331915935,-21.586305752716758,-22.394030523080204,-23.283492951965762,-24.26974066533651,-25.371036399221186,-26.608317268994064,-28.00142847910129,-29.55493279656858,-31.213074252109863,-32.74496698235173,-33.61111746645502,-33.281186730282045,-31.96365421077853,-30.285209146282487,-28.6272512730759,-27.114069184203192,-25.7625592382241,-24.557591175280145,-23.477903148427753,-22.50368060253168,-21.618249661498158,-20.808022666028634,-20.062011690358172,-19.371311127978988,-18.728656223562304,-18.12807215441967,-17.564602173234697,-17.034098568574258,-16.533061777389463,-16.058515932586484,-15.607911915134915,-15.179051230717842,-14.770025743455989,-14.379169570097678,-14.005020372203749,-13.646287969341714,-13.30182870062802,-12.970624334842613,-12.651764606777824,-12.344432665348084,-12.047892875864513,-11.76148053815152,-11.484593173531579,-11.21668310417061,-10.957251103014299,-10.705840935354036,-10.462034646757914,-10.225448478793544,-9.995729315238766,-9.772551578522588,-9.555614509876797,-9.34463977780784,-9.139369368561729,-8.939563719669465,-8.745000063756452,-8.555470954832314,-8.370782953451283,-8.190755450608506,-8.015219613142566,-7.844017435852084,-7.6770008875869475,-7.514031140309456,-7.354977871591574,-7.199718632265717,-7.048138272014181,-6.900128416596226,-6.755586991196013,-6.614417785050012,-6.476530053094937,-6.341838150881673,-6.210261199437827,-6.081722777142162,-5.956150636005411,-5.833476440041734,-5.713635523668622,-5.596566668295388,-5.48221189545616,-5.370516275015351,-5.2614277471258415,-5.154896956754427,-5.050877099708286,-4.9493237792018245,-4.8501948720973855,-4.753450404036778,-4.659052432755349,-4.566964938936855,-4.477153724027171,-4.389586314478079,-4.304231871940489,-4.221061108969453,-4.140046209842014,-4.0611607561239325,-3.9843796566527834,-3.9096790816333007,-3.8370364005667645,-3.7664301237591924,-3.6978398471746194,-3.6312462004185866,-3.566630797654576,-3.503976191271941,-3.4432658281382715,-3.384484008282442,-3.3276158458664593,-3.2726472323153635,-3.2195648014844496,-3.1683558967523053,-3.119008539936602,-3.0715114019375194,-3.025853775020533,-2.9820255466572587,-2.9400171748488035,-2.8998196648619463,-2.8614245473134607,-2.8248238575429045,-2.790010116218494,-2.7569763111249763,-2.7257158800861503,-2.6962226949784682,-2.6684910467953236,-2.6425156317249368,-2.618291538207676,-2.595814234941391,-2.5750795598060794,-2.5560837096815696,-2.5388232311343235,-2.5232950119517494,-2.5094962735044875,-2.497424563919168,-2.487077752046207,-2.4784540222089695,-2.471551869722593,-2.466370097172412,-2.462907811443782,-2.461164421496672,-2.4611396368802203,-2.462833466983882,-2.4662462210236633,-2.471378508763371,-2.4782312419724932,-2.4868056366240343,-2.497103215837137,-2.5091258135710683,-2.522875579078872,-2.538354982130619,-2.5555668190180625,-2.5745142193543273,-2.5952006536840413,-2.6176299419214617,-2.64180626263607,-2.667734163207256,-2.6954185708720066,-2.7248648046918666,-2.756078588467848,-2.7890660646347225,-2.82383380916875,-2.8603888475461,-2.898738671792099,-2.938891258665027,-2.9808550890216763,-3.0246391684158342,-3.0702530489848927,-3.1177068526843383,-3.167011295934716,-3.218177715750696,-3.2712180974276963,-3.3261451038674332,-3.382972106630427,-3.441713218810639,-3.502383329835157,-3.5649981423003725,-3.6295742109652434,-3.696128984032314,-3.7646808468582282,-3.835249168247365,-3.907854349495487,-3.982517876364717,-4.059262374186923,-4.1381116663101185,-4.2190908361215165,-4.302226292902063,-4.387545841790536,-4.475078758160924,-4.564855866745327,-4.656909625865944,-4.751274217174707,-4.847985641337745,-4.947081820144843,-5.048602705572086,-5.152590396379,-5.259089262881301,-5.368146080606704,-5.479810173615993,-5.594133568354884,-5.711171158996244,-5.830980885337683,-5.953623924438514,-6.0791648973144765,-6.207672092160188,-6.339217705741747,-6.473878104796769,-6.611734109501681,-6.752871301319027,-6.897380357826792,-7.045357417462936,-7.196904477497769,-7.3521298289839265,-7.511148532936795,-7.674082942580284,-7.841063277166791,-8.012228253663247,-8.187725783507782,-8.367713742707032,-8.552360824793631,-8.741847487631562,-8.936367006788927,-9.13612665024657,-9.341348991644285,-9.552273382165994,-9.769157604633708,-9.992279737546188,-10.221940261821285,-10.458464449084717,-10.702205077748268,-10.953545532164398,-11.21290335125069,-11.480734306686278,-11.75753710779144,-12.04385885142446,-12.340301361860744,-12.647528599239282,-12.966275357870265,-13.297357530306313,-13.641684283377922,-14.000272583520552,-14.37426462770295,-14.764948892757308,-15.173785723264652,-15.602438654907687,-16.05281304219263,-16.52710406259552,-17.02785685317914,-17.558042468048313,-18.121154613893044,-18.721333831859187,-19.36352804516395,-20.05370118572828,-20.799104588358297,-21.60862749556606,-22.493238471926567,-23.46650400878591,-24.54507990593262,-25.748781259885103,-27.09893496556465,-28.610932999184637,-30.26869713209791,-31.950069201697673,-33.27710385412501,-33.62198520958184,-32.76624194731501,-31.236601820356192,-29.57676269725502,-28.020670636945326,-26.625124797783926,-25.385788095683974,-24.282803698514467,-23.295171485843397,-22.4045656596596,-21.595886814889795,-20.85690550997422,-20.177733807250977,-19.550338831832622,-18.968145805041917,-18.425727650770888,-17.918565841603698,-17.44286658927104,-16.99541909435372,-16.573485546939786,-16.174715115164705,-15.79707613993962,-15.438802238423337,-15.0983491131832,-14.774359666955858,-14.465635612546777,-14.171114202101172,-13.889849022298042,-13.620994042617395,-13.363790284723873,-13.117554618018412,-12.881670290947698,-12.655578888006838,-12.438773464560622,-12.230792660078933,-12.03121562840958,-11.839657653738735,-11.655766344743487,-11.47921831850458,-11.309716301067514,-11.14698658391941,-10.990776785703458,-10.840853876699597,-10.697002430331157,-10.55902307150269,-10.426731096163245,-10.299955240302987,-10.178536579772983,-10.062327544983194,-9.95119103677467,-9.844999631653092,-9.743634866171766,-9.646986591613077,-9.554952391276917,-9.46743705367687,-9.384352095795624,-9.30561533128353,-9.231150479116256,-9.1608868087748,-9.09475881848618,-9.032705943477184,-8.974672291554946,-8.920606403645195,-8.870461037197456,-8.824192970612417,-8.781762827064146,-8.743134916283354,-8.7082770930404,-8.677160631221446,-8.649760112530663,-8.626053328977385,-8.606021198422463,-8.589647692563293,-8.576919776834844,-8.567827361794679,-8.562363265645644,-8.560523187630999,-0.2875415576829292,-1.0589205554962045,-1.1520338352898445,0.5092273761086266,1.3192890245680062,1.1944820988855098
-8.053510130774296,-8.055968017661186,-8.063368067109138,-8.075720049883682,-8.093040305673005,-8.115351816303502,-8.142684309187883,-8.175074391949048,-8.21256571945442,-8.255209194804532,-8.30306320614974,-8.356193901565721,-8.414675504606269,-8.478590673576823,-8.548030908040507,-8.62309700658628,-8.70389958046476,-8.790559628338015,-8.883209178105147,-8.981992002564638,-9.0870644165662,-9.198596164300438,-9.316771406481465,-9.44178981840424,-9.57386781120873,-9.71323989015624,-9.860160165309157,-10.014904031679745,-10.17777003762921,-10.349081961973914,-10.529191121755996,-10.718478933746649,-10.917359753133763,-11.126284011981278,-11.345741677135756,-11.576266041072998,-11.818437847862837,-12.072889737140983,-12.34031095737812,-12.621452249192654,-12.917130719781536,-13.228234405054046,-13.555726022483633,-13.900645117377346,-14.264107339548334,-14.647298864753079,-15.051462853002949,-15.477873092308547,-15.927787270895486,-16.40236814111124,-16.90255444580484,-17.42885389810186,-17.981016700312104,-18.557529687009954,-19.154850657386596,-19.766290602843316,-20.38047894036401,-20.97948213088649,-21.537004581643863,-22.017775570929597,-22.380003341864963,-22.58266832723195,-22.59693226328746,-22.41651427057894,-22.06019567922036,-21.564580232532897,-20.972301732338355,-20.322372065406714,-19.645506509049614,-18.96351009084209,-18.290689340990774,-17.635781416880636,-17.003681854553673,-16.396762014618368,-15.81579490028802,-15.26057632402545,-14.730329958715597,-14.223966293208246,-13.740245439390325,-13.277877641977165,-12.835583820612975,-12.412130662590728,-12.006349634779006,-11.617145936654493,-11.243501256103048,-10.884472798764316,-10.539190166371553,-10.206851082775126,-9.886716594485529,-9.578106132795602,-9.280392670125847,-8.992998104135534,-8.715388939964706,-8.447072301155,-8.187592275168864,-7.936526584655672,-7.693483567208968,-7.458099442034251,-7.2300358401999345,-7.008977574992307,-6.794630629695218,-6.586720341450168,-6.38498976145386,-6.189198173448248,-5.999119754148531,-5.8145423608740865,-5.635266433163331,-5.461103996547989,-5.291877757931344,-5.127420283160234,-4.9675732484076365,-4.812186757900579,-4.661118721345144,-4.514234285126816,-4.371405312008902,-4.232509904623326,-4.097431968554716,-3.96606081126746,-3.838290773523533,-3.714020890291359,-3.5931545784592966,-3.4755993489448036,-3.36126654103732,-3.2500710770323717,-3.1419312354094386,-3.0367684409803553,-2.934507070589825,-2.835074273088247,-2.7383998024205427,-2.6444158627853662,-2.553056964918002,-2.46425979263895,-2.377963078889806,-2.2941074905493477,-2.212635521387047,-2.1334913925688026,-2.0566209601816574,-1.9819716292910776,-1.909492274086492,-1.839133163708718,-1.7708458933873814,-1.7045833205471825,-1.6402995055699927,-1.5779496569248583,-1.5174900804009386,-1.458878132198865,-1.402072175654767,-1.347031541387851,-1.2937164906777368,-1.242088181891387,-1.1921086397917648,-1.1437407275716012,-1.0969481214655412,-1.0516952878030417,-1.0079474623724596,-0.9656706319739833,-0.9248315180457001,-0.8853975622526845,-0.8473369139344827,-0.810618419310698,-0.7752116123487529,-0.7410867072014229,-0.7082145921250256,-0.6765668247920711,-0.6461156289146746,-0.6168338920974147,-0.5886951648401032,-0.5616736606130973,-0.5357442569290162,-0.5108824973364507,-0.4870645942624135,-0.4642674326316968,-0.44246857419218466,-0.4216462624765709,-0.4017794283317162,-0.3828476959482449,-0.3648313893237632,-0.347711539094423,-0.33146988967054974,-0.3160889066134295,-0.3015517841914716,-0.2878424530555334,-0.2749455879745261,-0.2628466155741654,-0.25153172202331037,-0.2409878606143255,-0.2312027591857958,-0.22216492733800872,-0.21386366339401805,-0.20628906106132172,-0.19943201575178432,-0.19328423052019997,-0.18783822158445357,-0.18308732339336892,-0.17902569321127304,-0.175648315191422,-0.1729510039137476,-0.17093040736564757,-0.16958400934807358,-0.16891013129244586,-0.16890793347769617,-0.1695774156401704,-0.17091941697273944,-0.17293561551316838,-0.1756285269253177,-0.17900150268043669,-0.18305872764929468,-0.18780521711956474,-0.19324681325621898,-0.19939018102619843,-0.2062428036119179,-0.21381297734142307,-0.2221098061661575,-0.2311431957203094,-0.24092384699870714,-0.25146324969286205,-0.2627736752276022,-0.2748681695431467,-0.28776054566990306,-0.30146537614550245,-0.31599798532575374,-0.3313744416431141,-0.34761154986814946,-0.3647268434312171,-0.3827385768631561,-0.40166571841524196,-0.42152794292017687,-0.44234562495701857,-0.4641398323842868,-0.4869323203066264,-0.5107455255414514,-0.5356025616531843,-0.5615272146236394,-0.5885439392283066,-0.6166778561892667,-0.6459547501767278,-0.6764010687323168,-0.7080439221886476,-0.740911084661131,-0.7750309961895341,-0.8104327661087486,-0.8471461777300303,-0.8852016944164796,-0.9246304671388561,-0.9654643436009192,-1.0077358790265438,-1.0514783487046806,-1.0967257623922646,-1.1435128806797958,-1.1918752334296057,-1.2418491404025027,-1.2934717341951334,-1.3467809856174917,-1.4018157316483062,-1.4586157061148026,-1.5172215732535956,-1.5776749643203272,-1.6400185174283064,-1.7042959208097832,-1.7705519597088804,-1.8388325671319445,-1.909184878699556,-1.9816572918652784,-2.056299529788748,-2.1331627101761033,-2.2122994194287045,-2.2937637924718897,-2.377611598669945,-2.463900334271359,-2.552689321870621,-2.644039817419493,-2.738015125372655,-2.834680722610255,-2.9341043918440626,-3.0363563652851995,-3.141509479431029,-3.2496393419174323,-3.3608245114814665,-3.4751466921901155,-3.592690943214265,-3.7135459055654527,-3.8378040473678032,-3.9655619294115048,-4.096920492929229,-4.231985371756163,-4.370867231281008,-4.513682136872807,-4.660551954781274,-4.81160478886074,-4.966975456865431,-5.126806010512286,-5.291246304013837,-5.4604546163544,-5.634598333227199,-5.8138546952754355,-5.998411620096943,-6.188468606388801,-6.384237729634407,-6.585944739879763,-6.793830273412884,-7.008151191553797,-7.2291820612762745,-7.4572167940002965,-7.692570460582148,-7.9355813022245165,-8.186612958628041,-8.446056936037197,-8.71433533863154,-8.991903886558976,-9.279255242160115,-9.576922661609574,-9.88548398080068,-10.205565929541699,-10.537848743526315,-10.883071003766588,-11.242034570071828,-11.615609376178584,-12.004737699925116,-12.410437282423555,-12.83380229888034,-13.276000607850767,-13.738264811856292,-14.221873273791658,-14.728115077188086,-15.258229577958701,-15.813306055479664,-16.394121175038507,-17.000880474991472,-17.632814026855918,-18.28755637668084,-18.960222369020386,-19.64209192520594,-20.318884789239103,-20.968832956401116,-21.561266681427128,-22.05721774413693,-22.414073285633695,-22.595203860982384,-22.58174886522844,-22.379881588401183,-22.018347782304275,-21.538118427842726,-20.980980426352023,-20.382226139733028,-19.768181825358333,-19.156810223508252,-18.559505551317635,-17.982974382363384,-17.43077134944326,-16.90441816049833,-16.404170370552336,-15.92952409006098,-15.479543080035858,-15.053066200014381,-14.648836774287268,-14.265581626348197,-13.902057940615135,-13.557079709021933,-13.22953133364491,-12.918373246388406,-12.62264266005791,-12.341451440781752,-12.073982367704396,-11.819484579215144,-11.577268704027507,-11.346701981429666,-11.12720355025041,-10.918240006218248,-10.719321276715359,-10.529996830238673,-10.34985221852895,-10.178505937970673,-10.015606590653398,-9.860830322552568,-9.7138785154086,-9.574475709257262,-9.442367733667412,-9.317320027238313,-9.199116126580806,-9.087556307719616,-8.982456364527314,-8.883646510384885,-8.790970390736607,-8.704284195556582,-8.62345586197091,-8.548364358386014,-8.47889904246889,-8.414959086217262,-8.356452962156428,-8.303297985415286,-8.255419907074788,-8.212752554758103,-8.1752375169497,-8.142823867998793,-8.115467931187833,-8.093133077634407,-8.075789559151836,-8.063414373523903,-8.05599116095822,-8.053510130774296,-0.84868495524109,-1.9382845892138851,-1.4770779820164959,1.230558376403497,1.1372605809693,1.376078800954524
-16.67181586020953,-16.674359539275567,-16.682178606316466,-16.695285272188784,-16.713700030730834,-16.737451769077097,-16.766577924063462,-16.801124686514612,-16.84114725577665,-16.886710147475704,-16.937887558159726,-16.994763791231293,-17.057433749419683,-17.126003499991917,-17.20059091998658,-17.28132643000015,-17.36835382649445,-17.461831224267396,-17.561932122683032,-17.668846611551302,-17.782782735252404,-17.903968036903162,-18.032651308169786,-18.169104574875476,-18.31362535399595,-18.46653922418469,-18.628202759876785,-18.799006888602335,-18.97938074279644,-19.169796091621894,-19.37077245575161,-19.582883029482097,-19.806761560958577,-20.04311037393166,-20.2927097548791,-20.55642897941246,-20.83523931393102,-21.130229405129093,-21.442623564071393,-21.773803565776824,-22.12533472103425,-22.498997132550507,-22.8968232125063,-23.32114268556804,-23.774636365372235,-24.26039983006628,-24.7820174261394,-25.343645146383544,-25.95009646867701,-26.60691523208905,-27.32039762187267,-28.097477235039925,-28.945282024528964,-29.869942559847352,-30.873740785554432,-31.948712159051208,-33.06327640839556,-34.13807835950446,-35.017027680230484,-35.476997624702385,-35.34584207788757,-34.655235258711635,-33.609143267958274,-32.41864238883187,-31.216688984590178,-30.066461328050487,-28.99112812431012,-27.994864829957557,-27.0738773534779,-26.22155568987916,-25.430733765123183,-24.694612105777097,-24.007081777201833,-23.362788580411824,-22.757091211461518,-22.185982265718074,-21.6460021690689,-21.134158378428623,-20.647854154183676,-20.184827662587285,-19.743100705868585,-19.320935873876245,-18.916800832315616,-18.529338559316788,-18.15734249836698,-17.799735759728648,-17.455553652986787,-17.12392896321495,-16.80407949171825,-16.49529747132741,-16.196940538560565,-15.908424003467804,-15.62921420518089,-15.358822779284143,-15.096801693897724,-14.842738936279478,-14.596254751974671,-14.35699835500823,-14.124645041062646,-13.898893646607986,-13.67946430601647,-13.466096466177248,-13.258547124325412,-13.056589259951396,-12.86001043595416,-12.668611547798053,-12.482205702452973,-12.300617211441685,-12.123680684467681,-11.951240211919814,-11.783148626098948,-11.619266832333555,-11.45946320228067,-11.30361302267766,-11.151597993643064,-11.003305771342816,-10.858629550458712,-10.717467682433197,-10.579723325931706,-10.445304126369543,-10.314121921704926,-10.1860924720094,-10.06113521059812,-9.93917301474081,-9.820131994183459,-9.703941295895604,-9.590532923620836,-9.479841570952448,-9.37180446678372,-9.266361232095736,-9.163453747146391,-9.063026028213972,-8.96502411312862,-8.869395954896603,-8.776091322786101,-8.685061710300577,-8.596260249517131,-8.509641631313361,-8.425162031047766,-8.342779039296161,-8.262451597280151,-8.184139936654207,-8.107805523345409,-8.033411005164727,-7.960920162931271,-7.89029786487144,-7.821510024073324,-7.754523558793728,-7.689306355430348,-7.625827233985763,-7.564055915862491,-7.5039629938400605,-7.445519904095594,-7.388698900139122,-7.3334730285436915,-7.2798161063584494,-7.227702700100361,-7.177108106227003,-7.128008332999136,-7.0803800836476425,-7.034200740764515,-6.98944835184273,-6.9461016158941105,-6.904139871078636,-6.863543083282419,-6.824291835585157,-6.786367318561242,-6.749751321361684,-6.714426223527017,-6.680374987483874,-6.647581151680596,-6.616028824319412,-6.585702677645032,-6.556587942751601,-6.528670404871758,-6.501936399113596,-6.4763728066128765,-6.451967051069703,-6.428707095640265,-6.4065814401559775,-6.385579118643616,-6.365689697121605,-6.346903271648867,-6.329210466604026,-6.312602433173974,-6.297070848032092,-6.282607912187661,-6.269206349989011,-6.256859408264436,-6.24556085558566,-6.23530498164012,-6.226086596699172,-6.2179010311706415,-6.210744135225025,-6.20461227848589,-6.199502349776046,-6.195411756912051,-6.192338426540797,-6.190280804012876,-6.189237853288562,-6.189209056873215,-6.190194415780046,-6.192194449519102,-6.195210196112615,-6.19924321213757,-6.204295572797724,-6.2103698720281075,-6.217469222636282,-6.225597256485513,-6.234758124726195,-6.244956498082882,-6.256197567205325,-6.268487043093021,-6.2818311576038335,-6.296236664058372,-6.31171083795283,-6.328261477794203,-6.3458969060728485,-6.364625970388554,-6.384458044747348,-6.405403031047593,-6.4274713607750495,-6.4506739969277795,-6.475022436193134,-6.500528711400398,-6.527205394273805,-6.555065598512347,-6.5841229832240185,-6.614391756743762,-6.64588668086597,-6.678623075523983,-6.712616823950899,-6.747884378357738,-6.7844427661670075,-6.822309596841778,-6.861503069352572,-6.902041980326676,-6.943945732927068,-6.987234346510673,-7.031928467118684,-7.078049378854658,-7.1256190162094075,-7.174659977395343,-7.225195538756647,-7.277249670325973,-7.330847052602669,-7.386013094632606,-7.442773953474822,-7.5011565551459904,-7.561188617140036,-7.622898672626883,-7.686316096441902,-7.751471132985516,-7.818394926161503,-7.887119551491882,-7.957678050557132,-8.030104467921799,-8.104433890718408,-8.180702491076376,-8.258947571597945,-8.339207614099966,-8.421522331858728,-8.505932725615533,-8.592481143623003,-8.681211346036937,-8.77216857398593,-8.865399623681178,-8.96095292596253,-9.05887863171384,-9.159228703622333,-9.262057014802128,-9.367419454853627,-9.475374043987122,-9.585981055902783,-9.699303150190083,-9.815405515089507,-9.934356021548435,-10.056225389603377,-10.181087368233417,-10.309018929956677,-10.440100481584851,-10.57441609271294,-10.712053743704539,-10.85310559514155,-10.997668280943296,-11.145843227630037,-11.297737002513237,-11.453461693946824,-11.613135327177137,-11.776882319792472,-11.944833981306669,-12.117129062027043,-12.293914357069102,-12.475345372206995,-12.661587059209367,-12.852814629430458,-13.049214455736136,-13.250985074379948,-13.458338300250034,-13.671500471036637,-13.890713838389262,-14.116238127121123,-14.348352287077192,-14.587356466532038,-14.833574241077137,-15.087355138082541,-15.349077504208203,-15.619151772390179,-15.898024195601737,-16.186181127948444,-16.48415394987839,-16.79252475419659,-17.111932934077892,-17.443082844510617,-17.78675274598895,-18.143805285539404,-18.51519982740959,-18.90200701640101,-19.30542604355896,-19.72680518929282,-20.16766634459732,-20.629734355746706,-21.114972193947438,-21.625623096866526,-22.16426091104234,-22.733849766447346,-23.33781368752647,-23.98011526147127,-24.665338929576997,-25.39876646980625,-26.186414701115094,-27.03496728962152,-27.9514495692829,-28.942315018852995,-30.011225607304052,-31.15402160618412,-32.34802040816598,-33.53169413459247,-34.57582543443664,-35.274543944517085,-35.42537746437392,-34.9897993652785,-34.13116210230359,-33.069525558637416,-31.962286365296467,-30.890932966865034,-29.888630664708398,-28.96430508431692,-28.11621793726991,-27.33853976205183,-26.624308736598937,-25.966682840790508,-25.35941603700188,-24.796991383236918,-24.27460913566826,-23.788119550754793,-23.333940288161443,-22.90897540592576,-22.510542448348065,-22.13630940923853,-21.784241328252545,-21.45255550290259,-21.139684091751135,-20.844242922524966,-20.565005450797486,-20.300880970918477,-20.050896330868095,-19.814180535227358,-19.589951732678912,-19.377506177322097,-19.176208828964437,-18.9854853191166,-18.804815059209517,-18.633725307784704,-18.47178604593719,-18.318605536635648,-18.17382646493027,-18.037122573471777,-17.908195721984647,-17.786773310992174,-17.672606019675126,-17.56546581565636,-17.465144201058358,-17.371450664629936,-17.28421131428842,-17.203267668235565,-17.128475586012677,-17.05970432356942,-16.996835698718876,-16.939763355308997,-16.88839211611682,-16.84263741591381,-16.802424807398417,-16.767689533778555,-16.738376162739325,-16.714438277373752,-16.695838220405605,-16.68254688871122,-16.674543575765455,-16.67181586020953,-1.2509740956216753,-1.3684274531218108,-1.8380936919561432,0.8750448415950958,0.5291099730407416,1.742078298529277
-4.028960571330414,-4.031623284604829,-4.039763180393134,-4.053391600781099,-4.072527533765325,-4.097197684806743,-4.1274365776243656,-4.163286684726795,-4.204798588307115,-4.252031172242241,-4.305051846034806,-4.3639368016078155,-4.428771303899008,-4.499650016191225,-4.576677361039375,-4.659967917491214,-4.749646855017707,-4.845850404128543,-4.948726362995887,-5.05843463847267,-5.175147818575394,-5.299051771678319,-5.430346265165907,-5.5692455928869355,-5.7159791961421575,-5.8707922567107484,-6.033946232030107,-6.205719291352558,-6.386406596515761,-6.576320350540242,-6.77578950979417,-6.985159018494521,-7.204788374539676,-7.435049268640989,-7.676321948470588,-7.928989838118411,-8.193431780079282,-8.470011048707704,-8.759059993501427,-9.060858787145397,-9.375606254182955,-9.703380120359466,-10.044083239832585,-10.397371447425638,-10.762557733309205,-11.13848667072386,-11.523372916143336,-11.91459904178274,-12.308472492918515,-12.699951442497019,-13.082367741403356,-13.44720451984492,-13.78402512011058,-14.080688357094168,-14.32399622076882,-14.500863050919504,-14.599937103269598,-14.613369780719642,-14.538231453072829,-14.377079430796808,-14.137460059159842,-13.830536631402738,-13.469326916096488,-13.067059028406383,-12.635966827226873,-12.186608292908028,-11.727625247471325,-11.265799525335717,-10.806268574129597,-10.352800970256935,-9.908071887119641,-9.473908682164039,-9.051495878707494,-8.641539274741968,-8.24439373017255,-7.86016077754131,-7.488762161284052,-7.1299946697448355,-6.7835706777000055,-6.449147900568325,-6.126351068833968,-5.814787585492709,-5.514058721564227,-5.2237675141392295,-4.943524235213865,-4.672950076935823,-4.4116795325174705,-4.15936182816868,-3.915661669299932,-3.6802594958385804,-3.4528513907002765,-3.233148747721437,-3.0208777773146567,-2.8157789072584265,-2.6176061205242713,-2.426126260509943,-2.2411183254709828,-2.062372767572533,-1.8896908072592256,-1.7228837701473998,-1.5617724510703368,-1.4061865080220688,-1.2559638873751453,-1.1109502807625788,-0.9709986133169068,-0.8359685624758227,-0.7057261062401409,-0.5801430995635679,-0.4590968774341114,-0.3424698831506341,-0.23014932028688856,-0.1220268268566943,-0.017998170237587013,0.08203703853136902,0.17817561239365678,0.27051103910388685,0.3591337164075138,0.4441311726617589,0.5255882739125426,0.6035874183689658,0.6782087191465215,0.7495301760829364,0.8176278373670137,0.8825759516605487,0.944447111337029,1.003312387407653,1.0592414566556598,1.1123027214534984,1.1625634226940598,1.2100897462267801,1.254946923151672,1.2971993242891997,1.3369105491111632,1.3741435093870984,1.4089605077723288,1.4414233115371102,1.47159322161171,1.4995311370990838,1.5252976153854167,1.5489529279589276,1.570557112028736,1.5901700180185652,1.6078513529942418,1.62366072006954,1.6376576538215595,1.6499016517350371,1.6604522016840875,1.6693688054505338,1.6767109982695896,1.6825383643867573,1.6869105486040692,1.6898872637893576,1.6915282943192176,1.6918934954245402,1.6910427884072852,1.6890361516981243,1.685933607727372,1.6817952055855343,1.6766809994554885,1.6706510228054654,1.663765258340698,1.6560836037218427,1.6476658330701979,1.638571554292959,1.6288601622768075,1.618590788014242,1.6078222437449474,1.596612964213394,1.5850209441640792,1.573103672217144,1.5609180612892497,1.5485203757475239,1.5359661555079787,1.5233101373135565,1.5106061734510292,1.4979071481897472,1.4852648922487577,1.4727300956214635,1.4603522191089138,1.448179404933203,1.436258386821524,1.424634399968284,1.4133510912977922,1.4024504304621717,1.3919726220190312,1.3819560192398674,1.372437040003778,1.3634500852308813,1.3550274603064723,1.3471992999393985,1.3399934968873488,1.3334356349666616,1.3275489267456944,1.3223541562984777,1.317869627369287,1.314111117269555,1.3110918367959203,1.308822396422737,1.3073107789844491,1.3065623190229396,1.3065796889328165,1.3073628919943405,1.3089092623390732,1.3112134718486692,1.314267543942199,1.3180608741630238,1.322580257432856,1.327809921798424,1.3337315684559976,1.3403244178008684,1.3475652612135394,1.3554285182616113,1.3638862989671094,1.3729084707628858,1.3824627297393344,1.392514675763993,1.4030278910416194,1.413964021671206,1.425282861749142,1.4369424395639816,1.4488991054283242,1.4611076206965954,1.4735212475242034,1.4860918389331121,1.4987699287611942,1.511504821087633,1.524244678743585,1.5369366105362832,1.5495267568352242,1.561960373190847,1.5741819116788813,1.5861350996869703,1.5977630158840237,1.6090081631367312,1.6198125381615096,1.6301176977237086,1.6398648212188607,1.648994769492871,1.6574481397795382,1.665165316653772,1.6720865189180887,1.6781518423575816,1.6833012983150242,1.6874748480524553,1.6906124328792336,1.6926540000381896,1.6935395243519313,1.6932090256400112,1.6916025819249247,1.688660338450454,1.6843225125400467,1.6785293943255153,1.6712213433774348,1.6623387812684705,1.6518221800989605,1.6396120470112565,1.62564890471478,1.6098732680381196,1.5922256165175326,1.5726463630229763,1.5510758184133089,1.5274541522016443,1.5017213491998214,1.4738171620978577,1.4436810599197063,1.411252172280988,1.3764692293572158,1.339270497452617,1.2995937100397912,1.2573759941189535,1.2125537917226028,1.1650627763667145,1.1148377642229943,1.0618126197583901,1.0059201555574924,0.9470920260107175,0.8852586145161114,0.8203489138049737,0.7522903989611147,0.6810088926603565,0.6064284221105466,0.5284710671228865,0.4470567986922921,0.3621033074082996,0.2735258209578697,0.18123690991792177,0.08514628096847945,-0.014839443413114816,-0.118816959789401,-0.22688653421924493,-0.33915226949751776,-0.455722390418197,-0.5767095483741762,-0.7022311466754639,-0.8324096880257498,-0.9673731456412622,-1.1072553595172723,-1.2521964593370094,-1.4023433154622191,-1.5578500193257705,-1.7188783943423864,-1.885598538131692,-2.0581893963677924,-2.2368393678762497,-2.4217469396203155,-2.6131213488561573,-2.8111832678624165,-3.016165504091237,-3.228313705114145,-3.447887053039877,-3.6751589267478413,-3.910417501755075,-4.153966246068443,-4.406124254958332,-4.667226346865753,-4.937622814781939,-5.217678689936827,-5.507772324148608,-5.808293029210282,-6.119637420172084,-6.442203986267783,-6.77638524792995,-7.122556637134299,-7.48106094397127,-7.852186784187769,-8.236139037693203,-8.632998565869757,-9.042667726658578,-9.464797292938398,-9.898689433732358,-10.343170670909743,-10.796428664315787,-11.255808226548956,-11.717566699571556,-12.176599130160536,-12.626162566120861,-13.057658656390185,-13.460573111672069,-13.822708280287374,-14.130853933220223,-14.371980051640172,-14.53487265671755,-14.611896923684359,-14.600381772530868,-14.503139338434345,-14.327919570087959,-14.086009459533585,-13.790467441675485,-13.454495939418265,-13.09026171984967,-12.708237697872528,-12.31697965453055,-11.923192321654671,-11.531949326748164,-11.146969491215462,-10.770891190338642,-10.405516059164137,-10.052011960081286,-9.711075256241658,-9.383057059666982,-9.068059614414127,-8.766008889012648,-8.476708695881985,-8.19988070821178,-7.935193833754543,-7.682285619739979,-7.440777724631653,-7.210286990924045,-6.990433267672551,-6.7808448391997045,-6.5811620968300035,-6.391039926427768,-6.210149162324745,-6.038177367397931,-5.874829131598087,-5.719826031131532,-5.572906353284184,-5.4338246642223575,-5.302351276545315,-5.178271658076213,-5.061385812010242,-4.951507650090888,-4.848464374215081,-4.752095877223621,-4.662254170205426,-4.578802841124986,-4.501616547745513,-4.4305805464928145,-4.365590257960169,-4.306550869095757,-4.253376971669018,-4.205992236327659,-4.164329121390546,-4.128328615444175,-4.0979400127980306,-4.073120720889799,-4.053836098802602,-4.040059326152686,-4.031771301721073,-4.028960571330414,-0.7778284813675436,-1.4425065401921207,-0.2761190026688316,1.7331956822153045,1.3107027430200255,1.649805382303711
-23.631136952764166,-23.635186892336755,-23.647352044902455,-23.667663147521637,-23.696171716187685,-23.732950480696378,-23.77809400417511,-23.831719498359632,-23.893967849429743,-23.965004873389027,-24.045022824737067,-24.134242187700544,-24.23291378576527,-24.341321252930914,-24.459783919302854,-24.5886601747246,-24.728351387625377,-24.879306472723016,-25.042027221462156,-25.2170745340765,-25.405075723211404,-25.606733097755196,-25.82283408398011,-26.054263201927146,-26.3020162915154,-26.5672174792514,-26.85113949765118,-27.155228121282356,-27.481131671536453,-27.830736771231784,-28.206211798988402,-28.610059787079663,-29.045182777146145,-29.514959772982927,-30.023340119732925,-30.57495273734462,-31.175227664861826,-31.830516496486965,-32.54817491493454,-33.33651613299032,-34.20441784244535,-35.160072615551016,-36.20770237448958,-37.339615242691,-38.51846754251656,-39.64351626688885,-40.510977930052114,-40.842566071727845,-40.47616473050429,-39.534768728634546,-38.29492007676723,-36.977193511003044,-35.69599667379644,-34.49577885044083,-33.387281846033055,-32.367405854575814,-31.428253906776025,-30.560913433328402,-29.756918003235327,-29.008728135588985,-28.30981228641328,-27.654576146910813,-27.038244684553234,-26.456739427959146,-25.90656685462763,-25.38472243847227,-24.88861031898315,-24.415976882900274,-23.964856127456994,-23.53352475696027,-23.12046522339061,-22.724335216228905,-22.343942380860135,-21.9782232802607,-21.62622580889487,-21.287094424714333,-20.960057690641612,-20.644417716711196,-20.33954117326207,-20.04485160848779,-19.75982285370239,-19.483973339610007,-19.216861178824985,-18.958079895563507,-18.70725470413435,-18.46403925462258,-18.22811277779343,-17.999177572372346,-17.77695678698103,-17.561192456516867,-17.351643758966617,-17.148085463790537,-16.950306547295394,-16.758108953994224,-16.571306485950387,-16.38972380462829,-16.21319553190385,-16.041565438692388,-15.87468571118464,-15.712416285987684,-15.554624246584005,-15.401183274478383,-15.251973149224504,-15.106879292231536,-14.96579234986292,-14.828607811869471,-14.695225661659293,-14.565550055307106,-14.439489026555126,-14.316954215362806,-14.197860617830095,-14.082126355554083,-13.969672462684834,-13.860422689128955,-13.754303318509663,-13.651242999634672,-13.5511725903493,-13.45402501276395,-13.359735118945004,-13.268239566246544,-13.17947670153979,-13.093386453667675,-13.009910233515317,-12.928990841144067,-12.850572379487446,-12.774600174153388,-12.701020698918008,-12.629781506533572,-12.560831164506435,-12.494119195531212,-12.429596022294353,-12.367212916385297,-12.306921951075305,-12.24867595774448,-12.192428485755599,-12.138133765589952,-12.085746675075207,-12.035222708549068,-11.986517948814415,-11.939589041752916,-11.894393173473947,-11.850888049884578,-11.809031878574618,-11.76878335291779,-11.730101638296642,-11.69294636036459,-11.657277595263603,-11.623055861720443,-11.590242114948477,-11.558797742285433,-11.528684560500349,-11.499864814705663,-11.47230117881225,-11.445956757467076,-11.420795089414469,-11.396780152222927,-11.373876368320264,-11.352048612280166,-11.331262219303566,-11.311482994838125,-11.292677225278885,-11.274811689692715,-11.257853672508631,-11.241770977115317,-11.226531940306302,-11.212105447512384,-11.198460948759898,-11.18556847529224,-11.173398656791253,-11.161922739133681,-11.151112602617152,-11.140940780588943,-11.131380478409913,-11.122405592685103,-11.113990730691787,-11.106111229935092,-11.098743177760806,-11.091863430954758,-11.085449635257875,-11.079480244726266,-11.073934540865732,-11.068792651470801,-11.064035569098973,-11.059645169111922,-11.055604227216577,-11.051896436440543,-11.048506423478017,-11.045419764344501,-11.042622999280706,-11.040103646848813,-11.037850217166866,-11.035852224230329,-11.03410019727297,-11.032585691122845,-11.031301295513003,-11.03024064331027,-11.029398417629814,-11.028770357807423,-11.02835326420582,-11.028145001836036,-11.028144502779426,-11.028351767400707,-11.028767864347188,-11.02939492933427,-11.030236162721906,-11.031295825891752,-11.032579236439366,-11.034092762200478,-11.035843814134981,-11.037840838096677,-11.040093305521202,-11.042611703068644,-11.045407521261277,-11.048493242160703,-11.051882326132123,-11.05558919774683,-11.059629230877025,-11.064018733039955,-11.068774929050766,-11.073915944046,-11.079460785941384,-11.08542932738958,-11.091842287304939,-11.09872121202347,-11.1060884561674,-11.113967163284189,-11.122381246330612,-11.131355368072583,-11.140914921471532,-11.15108601012805,-11.161895428853171,-11.173370644437053,-11.185539776684434,-11.198431579785273,-11.212075424088184,-11.226501278343443,-11.241739692481115,-11.257821780989003,-11.274779206953982,-11.29264416682908,-11.311449375987914,-11.331228055126772,-11.352013917573888,-11.373841157564646,-11.396744439540551,-11.420758888529399,-11.445920081663537,-11.472264040892979,-11.499827226949876,-11.528646534621345,-11.558759289387858,-11.590203245485169,-11.623016585448859,-11.657237921201855,-11.692906296746994,-11.730061192528776,-11.76874253153105,-11.808990687180161,-11.850846493126678,-11.894351254982665,-11.939546764096036,-11.98647531344854,-12.035179715769884,-12.085703323966728,-12.138090053972729,-12.192384410133752,-12.248631513251418,-12.30687713141808,-12.367167713787348,-12.429550427436581,-12.494073197491174,-12.560784750695449,-12.629734662631556,-12.70097340880584,-12.774552419842513,-12.850524141046442,-12.928942096621917,-13.009860958861022,-13.093336622645817,-13.17942628564172,-13.268188534596648,-13.359683438201653,-13.453972647014481,-13.551119500998512,-13.651189145286121,-13.754248654839023,-13.860367168748574,-13.969616034998616,-14.082068966601625,-14.19780221011894,-14.316894727687451,-14.4394283938015,-14.565488208240655,-14.695162526695078,-14.828543310821988,-14.965726399673507,-15.10681180467059,-15.251904030565528,-15.401112425140573,-15.55455156073936,-15.712341651128263,-15.874609007644942,-16.04148653912103,-16.213114300677766,-16.389640097201898,-16.571220148130713,-16.758019821131672,-16.9502144433781,-17.147990200428357,-17.351545134248187,-17.56109025372051,-17.776850773116713,-17.99906749652767,-18.227998369251722,-18.463920220714776,-18.707130727778836,-18.957950632438965,-19.216726254109357,-19.48383234420482,-19.75967533984331,-20.04469708462013,-20.33937909803104,-20.644247491880673,-20.959878652708394,-21.2869058349245,-21.626026841290702,-21.9780130072837,-22.343719755899343,-22.724099052322437,-23.120214167043397,-23.533257255708442,-23.964570389351593,-24.415670825448093,-24.888281504189948,-25.384367989365295,-25.906183346811353,-26.456322747105006,-27.03778983681906,-27.65407700347795,-28.309261234619257,-29.008115596025878,-29.756231752561618,-30.56013764388888,-31.42736777513482,-32.36638164838218,-33.386082190921044,-34.494353257334616,-35.69427819079084,-36.9750995580694,-38.29237077431953,-39.53175370787149,-40.47288022147168,-40.83948400787685,-40.508568378083645,-39.64189974197994,-38.5174881933029,-37.33906733035535,-36.2074283615461,-35.15996967449268,-34.204421907767866,-33.33658743285784,-32.54828844127002,-31.83065623694057,-31.175383173484306,-30.575117081383077,-30.023508629558844,-29.515129265487037,-29.045351063160695,-28.61022535263689,-28.20637359517312,-27.830894073231576,-27.481283982619278,-27.155375106456823,-26.851280937255613,-26.56735323612185,-26.302146287531585,-26.054387401114887,-25.822952480249114,-25.60684570594688,-25.405182572532077,-25.217175663263177,-25.0421226752159,-24.879396299075346,-24.728435635994813,-24.588738894486134,-24.459857158739457,-24.34138905847035,-24.232976201429935,-24.134299254716225,-24.04507458125989,-23.96505135431971,-23.894009086291824,-23.831755519223904,-23.77812483361664,-23.73297613977389,-23.69619222243739,-23.667678514959643,-23.647362284031317,-23.63519201015292,-23.631136952764166,-0.9051203170848106,-1.6181726013901225,-0.27994273595919705,1.4005569232206792,0.606790275754543,0.8003213804574824
-6.625157200383175,-6.62742124083361,-6.634206920231236,-6.645521848599802,-6.661378740353961,-6.681795467664545,-6.706795135791067,-6.736406181021567,-6.770662492057787,-6.809603555892637,-6.853274629450697,-6.901726938503741,-6.955017905635961,-7.01321140932159,-7.076378076495563,-7.1445956113505,-7.217949163486848,-7.296531738983699,-7.380444658453108,-7.469798066699362,-7.564711499236074,-7.665314511629307,-7.771747378446974,-7.884161869517178,-8.002722112247598,-8.127605549951582,-8.25900400748434,-8.397124877035226,-8.54219243867171,-8.694449332208817,-8.854158199204887,-9.021603516374899,-9.197093644471364,-9.380963119697167,-9.573575217941336,-9.775324825474982,-9.986641653038353,-10.207993833191766,-10.439891942894919,-10.682893493708438,-10.937607929474247,-11.204702163752051,-11.484906673376898,-11.779022135050187,-12.087926540637632,-12.412582640735213,-12.754045424237209,-13.113469110771232,-13.492112759415972,-13.891342994699636,-14.312631379587643,-14.757542397986494,-15.227705478284026,-15.724760402344206,-16.25025886367196,-16.80549443207948,-17.39121672134036,-18.007160745962512,-18.65128796218919,-19.318595970952856,-19.99933349531692,-20.6765300283063,-21.323085977320257,-21.899535107423148,-22.35504835547021,-22.63520675858173,-22.6975678069163,-22.528555317374213,-22.14968560964872,-21.60787159869617,-20.957818510031693,-20.248048909751493,-19.515002887873145,-18.78311202903195,-18.06736713140197,-17.376181259620303,-16.713701331508478,-16.08143914190108,-15.479345065832211,-14.906487455054894,-14.361471724080934,-13.842693680384023,-13.34848938587797,-12.877221201291993,-12.42732482288099,-11.997332702181701,-11.58588335602529,-11.191722423809233,-10.8136990690402,-10.450759922540342,-10.101941897069294,-9.766364664965066,-9.443223256933763,-9.131781034191842,-8.831363159936515,-8.541350619772567,-8.261174795591172,-7.990312571747337,-7.728281938819606,-7.474638054087823,-7.22896971617788,-6.990896212237471,-6.760064498355334,-6.536146676994012,-6.318837738529846,-6.107853537319433,-5.902928975889973,-5.703816373802084,-5.510284000423797,-5.322114753275544,-5.139104965765596,-4.961063330050256,-4.787809922443516,-4.619175320288598,-4.4549998005108185,-4.29513261121815,-4.139431308721285,-3.9877611532267734,-3.8399945572299825,-3.6960105813127466,-3.5556944726461603,-3.4189372420219732,-3.2856352756960683,-3.1556899787326858,-3.0290074468946475,-2.9054981644401243,-2.7850767254643944,-2.6676615766713545,-2.5531747796773234,-2.441541791143058,-2.3326912592013977,-2.2265548348005404,-2.1230669967187343,-2.022164889127123,-1.9237881706855067,-1.8278788742521832,-1.7343812763752584,-1.6432417758101732,-1.5544087803772322,-1.4678326015351615,-1.383465356102487,-1.3012608746085863,-1.2211746158015355,-1.143163586880381,-1.0671862690562293,-0.9932025480794964,-0.9211736494005984,-0.8510620776582228,-0.7828315602138185,-0.7164469944728978,-0.6518743987537323,-0.5890808664821795,-0.5280345235075905,-0.4687044883498789,-0.41106083520095515,-0.35507455951634265,-0.3007175460435778,-0.2479625391443034,-0.19678311527603587,-0.14715365750798415,-0.09904933195283716,-0.052446066003456894,-0.0073205282696133175,0.036349889884223434,0.07858709129386643,0.11941228853203976,0.15884601811126012,0.19690815343334375,0.23361791656228006,0.26899388889372206,0.3030540207910519,0.3358156402551403,0.3672954606919715,0.3975095878397716,0.4264735259147924,0.45420218303250226,0.48070987595879466,0.5060103342435245,0.5301167037868275,0.553041549886407,0.5747968598122121,0.5953940449529384,0.6148439425767939,0.6331568172472484,0.6503423619324289,0.6664096988450924,0.681367380048125,0.6952233878586629,0.7079851350819993,0.7196594651045413,0.7302526518730957,0.7397703997857981,0.7482178435180151,0.7555995478045179,0.7619195071971802,0.7671811458153686,0.7713873171040976,0.7745403036129839,0.7766418168067392,0.7776929969159735,0.7776944128348144,0.7766460620696665,0.7745473707413152,0.77139719364039,0.7671938143339312,0.7619349453187723,0.755617728215149,0.748238733991836,0.7397939632119974,0.7302788462867211,0.7196882437211882,0.7080164463362421,0.6952571754461345,0.6814035829711358,0.6664482514616321,0.650383194008463,0.6331998540121215,0.6148891047816185,0.5954412489317736,0.5748460175458977,0.5530925690688581,0.5301694878936092,0.506064782602496,0.4807658838226726,0.45425964165309274,0.42653232261869956,0.3975696061053805,0.3673565802274533,0.33587773707728913,0.3031169673046933,0.269057553971485,0.23368216562446417,0.19697284852764696,0.1589110179921362,0.11947744873939878,0.0786522642308708,0.036414924893924144,-0.007255784829095645,-0.05238177068544236,-0.09898564415063216,-0.14709073938569567,-0.19672113170199595,-0.24790165762738214,-0.3006579366727279,-0.3550163949036804,-0.4110042904287211,-0.46864974092166284,-0.5279817533041444,-0.5890302557222145,-0.6518261319601364,-0.71640125844471,-0.7827885440045248,-0.8510219725607058,-0.9211366489393547,-0.9931688480105658,-1.0671560673754183,-1.1431370838403796,-1.2211520139385592,-1.3012423787792293,-1.3834511735314783,-1.4678229418748836,-1.554403855779757,-1.6432418010128267,-1.7343864688006123,-1.8278894541236261,-1.9238043611595184,-2.022186916443533,-2.1230950903703625,-2.2265892277237196,-2.332732187989058,-2.441589496282179,-2.55322950581275,-2.6677235728981854,-2.7851462456513354,-2.9055754675865133,-3.0290927975240405,-3.1557836473263423,-3.285737539169877,-3.419048384250849,-3.5558147850403907,-3.6961403634511765,-3.8401341175556407,-3.987910809810999,-4.139591390103322,-4.2953034573278535,-4.455181763683083,-4.619368766379198,-4.788015232057174,-4.961280899893133,-5.139335210135949,-5.322358105707844,-5.510540915503844,-5.7040873291725624,-5.9032144744685215,-6.108154109754009,-6.319153945919339,-6.536479113905411,-6.760413796172529,-6.991263042880989,-7.2293547962390035,-7.475042149425095,-7.728705869670051,-7.990757218408634,-8.261641104733684,-8.541839611440825,-8.831875935297086,-9.13231878407507,-9.443787271198772,-9.76695634268298,-10.10256275746139,-10.451411616511127,-10.814383390989137,-11.192441323155222,-11.586638947481536,-11.998127273192143,-12.42816083563914,-12.878101285196358,-13.34941631379351,-13.843670318130563,-14.362500936281506,-14.90757194046752,-15.480487079419305,-16.082640036016855,-16.714960810551315,-17.377496187243406,-18.068729657558535,-18.784506735266845,-19.51640265773539,-20.249409519743406,-20.95907292658273,-21.608927193165883,-22.1504306506707,-22.528881662000956,-22.69740775975944,-22.634564269170866,-22.35399949556479,-21.89819655556567,-21.321576254373955,-20.67494534978266,-19.99774130246994,-19.31703866290855,-18.649789658559534,-18.005733478638916,-17.389865025001242,-16.804218422045746,-16.2490561881592,-15.723627438567194,-15.226638046270137,-14.756536175429709,-14.31168213457045,-13.89044670887028,-13.491265686125297,-13.112667795253746,-12.753286702235398,-12.411863625441711,-12.087244603853485,-11.778374886035088,-11.484291937393419,-11.204117961411956,-10.937052457456016,-10.68236510709398,-10.43938913918618,-10.207515237961955,-9.986186007116956,-9.77489097353959,-9.57316209838128,-9.380569755615852,-9.196719135701649,-9.021247032392134,-8.853818972833196,-8.694126654027455,-8.541885652038882,-8.39683337365649,-8.258727223461626,-8.127342962256648,-8.002473235570848,-7.883926253448845,-7.7715246049530755,-7.665104192789503,-7.564513275214661,-7.469611603924225,-7.380269647980537,-7.296367895029823,-7.217796222108604,-7.1444533292614025,-7.076246230003128,-7.01308979337501,-6.954906332973981,-6.901625238893896,-6.853182649012255,-6.80952115649649,-6.7705895507974,-6.736342589749919,-6.706740800719198,-6.681750309017968,-6.661342692083698,-6.6454948581454945,-6.634188948334096,-6.627412261397615,-6.625157200383175,-0.31433407966364246,-0.15847556808019148,-1.9223362999568228,1.057306566625288,1.3250942784580118,1.3070170314103136
-9.192145176939698,-9.195654179746723,-9.206182736783873,-9.223751107702736,-9.248393180600246,-9.28015665925811,-9.319103327657903,-9.36530939417145,-9.418865918515358,-9.47987932524412,-9.548472008228273,-9.624783031207656,-9.708968930098003,-9.801204623224638,-9.901684436000018,-10.010623246667754,-10.12825775947974,-10.254847910875075,-10.390678412631406,-10.536060433190285,-10.691333413885658,-10.856867009866278,-11.033063135002392,-11.220358074427285,-11.419224605310914,-11.630174032705158,-11.853757998067083,-12.090569846417129,-12.341245233904665,-12.60646150605086,-12.886935156504492,-13.18341635520097,-13.496679067367758,-13.827504604374369,-14.176655459120546,-14.544834850376134,-14.932625355982072,-15.340397137586843,-15.768172329259018,-16.21542707312334,-16.680806750867944,-17.161724604157193,-17.653813089574424,-18.150209847155534,-18.640703082407462,-19.110860660761777,-19.54144798253943,-19.90868364521744,-20.1860457379859,-20.348101818075417,-20.37588094376175,-20.26191590772101,-20.01246271096037,-19.645630808459536,-19.186497232097718,-18.66166802056112,-18.095269182817503,-17.50696840266051,-16.911609097994493,-16.31974311405001,-15.738491392492872,-15.17240716708007,-14.624204629715926,-14.095322051101114,-13.586335180881118,-13.0972511858417,-12.627713282781253,-12.17714105952605,-11.744825512253115,-11.329992638823725,-10.931845393907647,-10.549590847901246,-10.182457281304123,-9.829704470212029,-9.49062939659192,-9.164568913135502,-8.850900408884323,-8.549041189771,-8.258447060163569,-7.978610434757015,-7.709058202360258,-7.449349488979069,-7.199073416624987,-6.957846919306862,-6.725312653749487,-6.501137026129885,-6.28500834517531,-6.076635104695697,-5.875744393895936,-5.682080430839114,-5.495403212661736,-5.315487275191294,-5.1421205542169846,-4.975103340629804,-4.814247321847824,-4.659374702287097,-4.510317396065757,-4.366916285597082,-4.229020540207831,-4.0964869893929095,-3.969179545774643,-3.8469686732672255,-3.729730896351302,-3.617348346737396,-3.5097083440412917,-3.406703007408782,-3.3082288953142496,-3.21418667101805,-3.124480791403967,-3.039019217132148,-2.9577131422364387,-2.8804767414702277,-2.8072269338631353,-2.737883161094055,-2.6723671794155894,-2.610602863982096,-2.552516024539787,-2.498034231533769,-2.447086651774359,-2.3996038928847403,-2.3555178558246737,-2.3147615948512983,-2.2772691843388166,-2.242975591934855,-2.211816557582439,-2.183728477984249,-2.158648296129815,-2.1365133955472504,-2.117261498979582,-2.100830571221597,-2.087158725887079,-2.0761841359084308,-2.067844947601196,-2.062079198155202,-2.058824736442059,-2.0580191470557683,-2.0595996775292815,-2.063503168695285,-2.0696659881841737,-2.078023967076284,-2.0885123397491325,-2.101065686983437,-2.115617882414398,-2.1321020424368315,-2.150450479694433,-2.1705946603044595,-2.192465164989665,-2.2159916543089997,-2.241102838197414,-2.2677264500431455,-2.295789225547445,-2.3252168866272207,-2.3559341306348585,-2.3878646251815203,-2.420931008860277,-2.455054898173013,-2.490156900970128,-2.52615663671416,-2.5629727638772253,-2.600523014777484,-2.6387242381510854,-2.6774924497431183,-2.7167428911836056,-2.756390097392065,-2.796347972726807,-2.8365298760620212,-2.8768487149373128,-2.9172170488801474,-2.9575472019516704,-2.9977513845106527,-3.0377418241289456,-3.0774309055250493,-3.11673131931041,-3.1555562192664066,-3.1938193877891994,-3.231435409055371,-3.268319849374184,-3.304389444103762,-3.339562290419013,-3.3737580451302662,-3.406898126664411,-3.4389059202364605,-3.469706985159789,-3.499229263170008,-3.5274032865714053,-3.5541623849577793,-3.5794428892129586,-3.6031843314612426,-3.6253296396158396,-3.645825325165439,-3.664621662845456,-3.6816728608628413,-3.6969372203811464,-3.7103772830265136,-3.7219599652450075,-3.731656678426662,-3.7394434338114206,-3.745300931305092,-3.7492146314589374,-3.7511748100023325,-3.751176594462702,-3.7492199825582464,-3.7453098422051245,-3.7394558931390307,-3.7316726703093943,-3.7219794693606065,-3.7104002746658797,-3.6969636705242923,-3.6817027362672916,-3.6646549261463583,-3.6458619349867365,-3.625369550691631,-3.6032274947664993,-3.5794892521027055,-3.5542118913137672,-3.5274558769553668,-3.499284874982453,-3.4697655528034548,-3.4389673752834025,-3.406962398025776,-3.3738250592279106,-3.3396319713580254,-3.30446171384507,-3.268394627906492,-3.231512614565672,-3.1938989368311965,-3.155638026926242,-3.116815299369164,-3.077516970617486,-3.0378298858981405,-2.997841353758125,-2.9576389887826986,-2.917310562844077,-2.876943865162648,-2.8366265713861836,-2.7964461218204995,-2.756489608878183,-2.716843673750751,-2.67759441225373,-2.6388272897442704,-2.600627064966729,-2.5630777226430417,-2.526262414591889,-2.490263409133066,-2.4551620485110597,-2.421038714054318,-2.3879727987737427,-2.356042687095249,-2.325325741416462,-2.2958982951764084,-2.2678356521292518,-2.2412120915180376,-2.2161008788521444,-2.1925742820021474,-2.1707035923377176,-2.1505591506482493,-2.1322103776010657,-2.1157258085089325,-2.1011731321964984,-2.0886192337740934,-2.0781302411471163,-2.0697715751096353,-2.0636080028919794,-2.0597036950536403,-2.0581222856350734,-2.058926935504547,-2.0621803988593115,-2.0679450928639973,-2.076283170433266,-2.0872565961904317,-2.10092722565919,-2.117356887771703,-2.136607470803275,-2.1587410118719097,-2.183819790170189,-2.211906424127499,-2.243063972732717,-2.277356041281378,-2.314846891847312,-2.3556015588171015,-2.3996859698666784,-2.447167072803433,-2.4981129687447847,-2.5525930521554834,-2.6106781583218055,-2.6724407189015498,-2.7379549262551146,-2.8072969073355916,-2.8805449079954166,-2.957779488654741,-3.039083732372955,-3.12454346647115,-3.2142474989703445,-3.308287871239953,-3.4067601283939952,-3.509763609130881,-3.6174017568877104,-3.7297824543734563,-3.8470183837597114,-3.969227415043629,-4.096533025358528,-4.229064752294206,-4.3669586846036985,-4.510357994017164,-4.65941351225741,-4.814284357755914,-4.97513861700014,-5.142154085900198,-5.315519077037298,-5.49543329913679,-5.682108815576441,-5.875771089167229,-6.076660120788272,-6.285031689656111,-6.501158702973404,-6.725332662301432,-6.95786525304881,-7.199090061696842,-7.449364422405791,-7.7090713899159224,-7.978621828382297,-8.25845659483102,-8.54904877966468,-8.850905942724408,-9.164572248432313,-9.490630352553582,-9.829702818952747,-10.18245273689881,-10.549583052702289,-10.93183390137135,-11.329976891879614,-11.74480481597875,-12.177114546558748,-12.627679869509446,-13.097209517000497,-13.586283559809836,-14.095258352790779,-14.624126194274192,-15.172310673143048,-15.738372714850504,-16.319597179790637,-16.911429774591543,-17.506748484196184,-18.095000589162197,-18.661342379302397,-19.1861070347717,-19.64517123350037,-20.011933877453355,-20.26132478518676,-20.37524175925677,-20.347434183338436,-20.185370965239855,-19.90802086198649,-19.54081160537926,-19.11025972464186,-18.64014193158046,-18.149689395419056,-17.653332070262007,-17.161280550624284,-16.68039666625402,-16.215047843816933,-15.767820957234393,-15.340070856189094,-14.932321675706177,-14.544551565179429,-14.176390632132554,-13.82725654413119,-13.49644630085438,-13.183197601067423,-12.88672930011749,-12.606267577078409,-12.341062386604602,-12.090397342529663,-11.85359519208548,-11.630020359252658,-11.419079568348982,-11.220221238037702,-11.03293411551264,-10.856745469116866,-10.691219053466167,-10.535952989497003,-10.390577652621966,-10.254753628415498,-10.128169772195701,-10.010541393226438,-9.90160857376057,-9.801134626205366,-9.708904687216753,-9.624724444758893,-9.548418992566127,-9.479831805645722,-9.418823830202872,-9.36527268147476,-9.319071943302902,-9.280130563768058,-9.24837234179994,-9.223735500317181,-9.206172342124725,-9.19564898548145,-9.1921451769397,-0.5025604823037333,-1.0338459793958177,-1.6774162857825143,1.9872097385611378,1.262560456011625,1.1695485360785924
-14.017373565138598,-14.020797198309538,-14.031075570786678,-14.048225910565266,-14.072277051235131,-14.103269613638489,-14.141256263282882,-14.186302046664403,-14.238484810657576,-14.297895710207984,-14.364639810741922,-14.438836793007608,-14.520621769509566,-14.610146223320662,-14.707579081885969,-14.813107940504102,-14.926940452523247,-15.04930590596161,-15.180457009297623,-15.320671912616291,-15.470256494179946,-15.629546946839039,-15.798912703509576,-15.978759746172429,-16.16953434837175,-16.37172730675158,-16.58587872230352,-16.812583395888897,-17.05249690386728,-17.306342416020357,-17.574918305645816,-17.859106574564397,-18.15988206381241,-18.47832232761949,-18.815617887116474,-19.1730823070684,-19.55216108109672,-19.954437547684517,-20.38163278950568,-20.835594355511265,-21.318265124920842,-21.831617765537796,-22.37753048407501,-22.957563677974232,-23.572571077518354,-24.222038621557335,-24.902987276870725,-25.608212459830302,-26.323615619203494,-27.024576635366586,-27.672083103405775,-28.211126493051264,-28.576227543924958,-28.708354758852302,-28.57876280244718,-28.203300729772565,-27.63429467540086,-26.937543100398244,-26.172219466008507,-25.38215259144198,-24.595876820426888,-23.830195605725798,-23.094016686630457,-22.391323421113217,-21.72318543688098,-21.08902911831104,-20.48740979819491,-19.916469061323276,-19.374199397432076,-18.85859306155464,-18.367722127892073,-17.89977807671174,-17.453087898845098,-17.02611686199517,-16.61746397733451,-16.225853740980398,-15.85012624482344,-15.489226861496787,-15.142196174071355,-14.808160501658548,-14.486323182871947,-14.175956668880085,-13.876395415486048,-13.58702953032369,-13.307299115250808,-13.03668923822374,-12.774725468996396,-12.520969916236194,-12.27501770848334,-12.036493866838425,-11.805050522792126,-11.58036443990124,-11.36213480291019,-11.150081242351042,-10.94394206661425,-10.743472676984283,-10.548444144211366,-10.358641927882559,-10.173864722203165,-9.993923413843886,-9.818640139286996,-9.6478474306507,-9.481387440314881,-9.319111235840545,-9.16087815769312,-9.006555233166342,-8.856016640677142,-8.709143219277207,-8.565822018817851,-8.425945886721868,-8.289413087769873,-8.156126953706938,-8.025995559825818,-7.898931425991734,-7.774851239846109,-7.653675600167178,-7.53532877857843,-7.4197384979844845,-7.306835726281555,-7.196554484038254,-7.088831664975229,-6.983606868189883,-6.880822241177764,-6.780422332796363,-6.682353955400961,-6.58656605545765,-6.493009592005935,-6.401637422403981,-6.3124041948437615,-6.225266247172297,-6.140181511598878,-6.057109424907767,-5.976010843831259,-5.896847965269982,-5.819584251076093,-5.7441843571408215,-5.670614066551205,-5.598840226601728,-5.528830689465522,-5.460554256346546,-5.393980624949551,-5.329080340118009,-5.265824747502607,-5.2041859501335175,-5.14413676777956,-5.085650698985762,-5.028701885688545,-4.973265080314403,-4.919315615273744,-4.866829374766768,-4.81578276882255,-4.766152709496296,-4.717916589152928,-4.671052260767815,-4.6255380201775536,-4.58135259021552,-4.538475106668186,-4.496885105989127,-4.456562514708366,-4.4174876404748895,-4.379641164670464,-4.343004136532499,-4.307557968723563,-4.273284434284519,-4.240165664907641,-4.20818415046535,-4.177322739729235,-4.147564642213353,-4.118893431074563,-4.091293047001977,-4.064747803026544,-4.0392423901808785,-4.014761883938767,-3.9912917513628203,-3.968817858888365,-3.9473264806709665,-3.9268043074246743,-3.907238455677998,-3.888616477374404,-3.8709263697445206,-3.8541565853775017,-3.838296042419672,-3.82333413482945,-3.809260742618626,-3.796066242011451,-3.7837415154545537,-3.772277961412671,-3.7616675038872485,-3.7519026015973482,-3.7429762567650555,-3.7348820234503566,-3.727614015383729,-3.7211669132480263,-3.715535971364843,-3.7107170237444267,-3.706706489462169,-3.7035013773289887,-3.7010992898271633,-3.6994984262878647,-3.6986975852910597,-3.6986961662733036,-3.6994941703337596,-3.701092200233477,-3.7034914595880246,-3.706693751258298,-3.710701474949203,-3.7155176240307974,-3.7211457816010296,-3.7275901158139946,-3.734855374502082,-3.742946879124698,-3.7518705180805374,-3.7616327394243547,-3.7722405430330364,-3.78370147226937,-3.796023605195341,-3.8092155453898755,-3.8232864124289527,-3.838245832088572,-3.854103926333534,-3.870871303157065,-3.8885590463382833,-3.9071787051860034,-3.9267422843388133,-3.947262233692488,-3.9687514385265175,-3.99122320990239,-4.014691275406383,-4.039169770310104,-4.064673229221727,-4.091216578300938,-4.118815128110036,-4.147484567173271,-4.177240956315805,-4.208100723852953,-4.240080661699589,-4.273197922468594,-4.307470017626479,-4.342914816773165,-4.379550548112141,-4.417395800176237,-4.4564695248733805,-4.49679104191602,-4.538380044697168,-4.581256607675588,-4.625441195332241,-4.670954672759971,-4.71781831794854,-4.766053835827423,-4.8156833741293665,-4.866729541138779,-4.919215425390265,-4.973164617384288,-5.028601233389285,-5.08554994140199,-5.144035989341074,-5.204085235552843,-5.265724181712259,-5.32898000820752,-5.393880612102353,-5.460454647776867,-5.528731570355372,-5.5987416820381775,-5.670516181464016,-5.744087216240663,-5.8194879387934675,-5.8967525656950635,-5.9759164406548235,-6.057016101363423,-6.140089350406834,-6.2251753304848965,-6.312314604193029,-6.401549238651469,-6.492922895295152,-6.586480925169385,-6.682270470111843,-6.78034057024102,-6.8807422782149725,-6.983528780773092,-7.08875552812798,-7.196480371834909,-7.3067637118339395,-7.419668653434939,-7.535261175099982,-7.653610307971515,-7.774788328200033,-7.898870963243048,-8.025937613439492,-8.156071590312619,-8.289360373221895,-8.425895886172976,-8.565774796808217,-8.709098839840212,-8.855975167463862,-9.006516729590787,-9.160842687100613,-9.319078861701959,-9.481358226449824,-9.64782144148334,-9.818617440138565,-9.993904071266787,-10.173848804362216,-10.358629504990054,-10.548435289023548,-10.743467465368317,-10.943940578196527,-11.150083561259352,-11.362141018625014,-11.580374648234201,-11.805064827013283,-12.036512378978577,-12.275040550842938,-12.520997223139323,-12.77475738883675,-13.03672593586009,-13.307340774822869,-13.587076358576278,-13.876447645710712,-14.17601456561105,-14.486387047508416,-14.808230679231041,-15.14227306142887,-15.489310917269066,-15.850218001613836,-16.225953820378678,-16.617573108515373,-17.026235904903032,-17.453217873275776,-17.89992019901311,-18.367877857545007,-18.85876416059278,-19.374388006531863,-19.916677797424185,-20.487641879563746,-21.089288523647845,-21.723477104369998,-22.391653488885378,-23.094392762689107,-23.830627022045107,-24.596374751613766,-25.38272976881405,-26.172888959369356,-26.9383153193948,-27.635171727241122,-28.20426856359743,-28.57978516410876,-28.709376449842132,-28.577190204493693,-28.21198757884314,-27.67282448165977,-27.025200494145373,-26.32413532330306,-25.60864497613992,-24.903348952961334,-24.22234350220261,-23.572830581492603,-22.957786845132734,-22.377724389665786,-21.83178793075687,-21.318415865976156,-20.8357290615578,-20.381754137217925,-19.954547664615838,-19.55226166945188,-19.17317473752001,-18.815703270161602,-18.47840156813849,-18.159955903046235,-17.859175622632133,-17.57498306691174,-17.3064033090235,-17.052554277088653,-16.812637540311066,-16.585929881481288,-16.371775684938555,-16.16958011711811,-15.97880304971274,-15.798953663186936,-15.629585664757048,-15.470293056232226,-15.320706391011331,-15.180489464672217,-15.049336389157016,-14.926969006083326,-14.813134599943165,-14.707603876764763,-14.610169178161652,-14.520642904576981,-14.438856124972908,-14.364657353251708,-14.29791147436826,-14.23849880544585,-14.186314279279024,-14.141266739437356,-14.103278337807083,-14.072284026854934,-14.04823114019877,-14.031079056248243,-14.020798940758116,-14.017373565138598,-0.1092191452537048,-0.9903301599279362,-0.47379702531592716,1.3471699420834407,1.8647671083115904,0.587063893171871
-5.7212236070287625,-5.723653230355231,-5.7309137294026975,-5.743014041318593,-5.759969089550456,-5.781799846011461,-5.808533418776136,-5.840203166023228,-5.876848837160921,-5.9185167422982765,-5.96525995146857,-6.017138525267558,-6.0742197788448955,-6.136578581483663,-6.204297694322918,-6.277468149124817,-6.356189671363274,-6.440571151318295,-6.530731167299839,-6.626798565599032,-6.728913102271862,-6.837226152398338,-6.951901493022819,-7.073116166557913,-7.201061432007517,-7.335943811906609,-7.477986243344247,-7.627429341769075,-7.784532786381323,-7.949576835656406,-8.122863980727654,-8.30472074269532,-8.495499617017567,-8.695581163385873,-8.905376232040629,-9.125328306110239,-9.355915922475074,-9.597655108274557,-9.851101732718542,-10.116853618822478,-10.395552178987298,-10.687883220134829,-10.994576390939985,-11.316402489868945,-11.654167480395401,-12.008701513393959,-12.380840455416141,-12.77139624917169,-13.1811107264126,-13.610585036074399,-14.060173376310818,-14.529824966100286,-15.018852069540749,-15.525594904087193,-16.04694850782038,-16.57771772429427,-17.1097868429439,-17.631153309838883,-18.12501358964129,-18.56932654952227,-18.93756200788881,-19.201430661514415,-19.335854703169396,-19.32505583939066,-19.167161275969853,-18.87478719849455,-18.47124943839678,-17.98456465649909,-17.442030357017146,-16.86692212600946,-16.277320642350407,-15.686329543336136,-15.102921837195797,-14.532918299106793,-13.979860009560642,-13.445699619618077,-12.931314326677274,-12.436871834226935,-11.962084926149746,-11.506385506136048,-11.069041986490387,-10.649237488124314,-10.246121215747845,-9.858841602412927,-9.486567133731562,-9.128498891861444,-8.783877571623261,-8.451986840106594,-8.132154310166298,-7.823750988666054,-7.5261897811680845,-7.238923444355292,-6.961442247504604,-6.69327151559988,-6.433969166130954,-6.1831233103947,-5.940349962136693,-5.705290877504189,-5.477611537678767,-5.2569992772628895,-5.043161556158731,-4.835824369365914,-4.63473078719091,-4.439639617356748,-4.2503241801168965,-4.066571187496715,-3.8881797180619166,-3.714960279044339,-3.546733948171048,-3.3833315880982315,-3.2245931269137524,-3.070366898723576,-2.920509038863814,-2.774882928775643,-2.633358686040739,-2.4958126954992315,-2.3621271777606596,-2.2321897917723823,-2.105893268431339,-1.9831350725158947,-1.8638170904776252,-1.747845341869923,-1.635129712404161,-1.5255837068168705,-1.419124219904461,-1.3156713242383988,-1.215148073213926,-1.117480318212088,-1.0225965387685252,-0.9304276847451355,-0.8409070295930205,-0.7539700338785428,-0.6695542183192498,-0.5875990456443235,-0.5080458106553629,-0.430837537918366,-0.35591888656789483,-0.2832360617492674,-0.2127367322654895,-0.1443699540324311,-0.07808609897897133,-0.013836789059115309,0.048425164929917414,0.10874582000483636,0.16717015338773805,0.2237421108708874,0.2785046513756294,0.3314997879100209,0.38276862511497434,0.4323513935754594,0.48028748106153885,0.526615460853181,0.5713731172934298,0.6145974687059063,0.65632478780507,0.6965906197209865,0.7354297977543611,0.7728764569724869,0.8089640457520051,0.8437253353706242,0.8771924277462789,0.9093967614193961,0.9403691158713043,0.9701396142697019,0.998737724730316,1.0261922601822753,1.0525313769235791,1.077782571951912,1.1019726791552145,1.1251278644457934,1.1472736199210083,1.1684347571331912,1.1886353995509271,1.207898974293393,1.2262482032189739,1.2437050934489333,1.260290927406332,1.2760262524497206,1.2909308701804982,1.3050238255018165,1.3183233955059945,1.330847078266164,1.3426115816065605,1.3536328119242327,1.3639258631332554,1.3735050058005507,1.3823836765401343,1.39057446773035,1.3980891176158037,1.404938500853021,1.411132619555653,1.4166805948917238,1.4215906592819407,1.4258701492443349,1.4295254989265147,1.4325622343628175,1.4349849684892655,1.4367973969448293,1.4380022946830735,1.438601513413373,1.438595979886379,1.4379856950334244,1.4367697339647454,1.43494624682657,1.4325124605121198,1.429464681216837,1.425798297823189,1.4215077860958092,1.416586713662936,1.4110277457556284,1.4048226516718438,1.3979623119280653,1.3904367260572683,1.3822350210078573,1.3733454600946247,1.3637554524492144,1.3534515629142159,1.3424195223219584,1.3306442380961878,1.3181098051121465,1.3047995167481898,1.2906958760598288,1.2757806070051672,1.2600346656488952,1.243438251270451,1.2259708173006543,1.2076110820098092,1.1883370388693968,1.16812596650851,1.1469544381854566,1.124798330694349,1.1016328326259186,1.0774324519013438,1.0521710224973377,1.025821710280412,0.9983570178676884,0.9697487884311501,0.9399682083615539,0.9089858087076946,0.8767714653055997,0.8432943975114162,0.808523165450381,0.7724256656927587,0.7349691252658298,0.6961200939088652,0.6558444344754671,0.6141073113846663,0.5708731770187905,0.526105755962017,0.4797680269690901,0.431822202548306,0.3822297060371402,0.3309511460419281,0.27794628810568955,0.22317402345951434,0.16659233470343146,0.10815825825213052,0.04782784336877559,-0.014443892402760438,-0.07870301161192025,-0.1449967093026213,-0.21337336968049594,-0.28388262730543606,-0.3565754330906126,-0.43150412541402794,-0.5087225066756524,-0.5882859256634594,-0.670251366124855,-0.7546775419769103,-0.841624999629518,-0.9311562279405927,-1.0233357763724318,-1.1182303819735009,-1.2159091058710205,-1.3164434800275986,-1.419907665090101,-1.526378620242377,-1.6359362860656796,-1.748663781513291,-1.8646476162195675,-1.9839779194901292,-2.106748687460262,-2.2330580500645936,-2.363008559634541,-2.4967075031322334,-2.6342672402435436,-2.7758055697898296,-2.9214461271806664,-3.071318815920609,-3.2255602765042046,-3.3843143963867717,-3.5477328651068962,-3.7159757790597805,-3.8892123008806285,-4.067621378891394,-4.251392532589701,-4.4407267107080735,-4.635837228932197,-4.836950794919318,-5.04430862877007,-5.258167687533206,-5.478802002592613,-5.706504138797532,-5.941586783801743,-6.184384475059442,-6.435255469973803,-6.694583761357848,-6.962781234999758,-7.24028995778728,-7.527584572185799,-7.825174753918699,-8.133607661615471,-8.45347026581858,-8.785391384001569,-9.130043159251942,-9.488141589936468,-9.860445526749537,-10.247753273698441,-10.65089551909934,-11.070722720449611,-11.508084184392635,-11.963794793193912,-12.438583456502705,-12.93301468096207,-13.44737087909804,-13.98147794352327,-14.53445020155571,-15.104323930759456,-15.687543907549092,-16.27827196038695,-16.86751503512504,-17.442149022192705,-17.984077295432918,-18.470021316169795,-18.87270456066369,-19.164163802513603,-19.321166742959186,-19.331191763682373,-19.196187499910103,-18.931966235998345,-18.563594980443465,-18.11932222734695,-17.625626981491934,-17.104503119898858,-16.572717267343226,-16.04224620302031,-15.521189148877577,-15.014731568478672,-14.525973315895355,-14.056571982910707,-13.607214878219134,-13.17795336341771,-12.7684343521451,-12.37805804744845,-12.006084037828764,-11.651701771793189,-11.31407669346914,-10.992379858170857,-10.685806396329065,-10.393586492440768,-10.11499137606213,-9.849336022286451,-9.595979713834314,-9.354325245196486,-9.123817295832003,-8.903940326491766,-8.694216234666605,-8.494201924539645,-8.303486891823782,-8.121690886428567,-7.948461690525887,-7.783473032501856,-7.626422645906533,-7.47703047506074,-7.33503702421962,-7.200201844274878,-7.07230214931098,-6.951131554507702,-6.836498926617321,-6.728227338345192,-6.626153118291356,-6.530124988576452,-6.440003282814275,-6.355659237664027,-6.276974351770043,-6.203839806457481,-6.136155943088919,-6.073831792492746,-6.016784652347016,-5.9649397088413725,-5.918229699345741,-5.876594613189501,-5.839981428000565,-5.808343879373659,-5.781642261932987,-5.759843260129567,-5.742919807370555,-5.7308509723193986,-5.723621871434032,-5.721223607028763,-0.16027967085375128,-1.2947573884721182,-0.2299444457251354,1.291750716303162,1.289161257841037,1.443207877869129
-8.752767261127156,-8.75474830404142,-8.76067070436324,-8.770540519701582,-8.784367865259208,-8.802166953339782,-8.823956149083427,-8.849758042884075,-8.879599540081841,-8.913511968671914,-8.951531205930213,-8.993697825027475,-9.040057262890514,-9.09066001077488,-9.145561829240808,-9.20482398947752,-9.268513543205074,-9.33670362370236,-9.409473780871387,-9.48691035365863,-9.56910688362223,-9.65616457396978,-9.748192799006542,-9.845309669642981,-9.947642661429846,-10.055329312539193,-10.168518000214961,-10.287368805505878,-10.412054477602775,-10.542761510873442,-10.679691349774508,-10.823061739284148,-10.973108241419926,-11.13008594187885,-11.294271374979303,-11.465964700042917,-11.645492168309328,-11.833208926652897,-12.029502213047365,-12.234795009251966,-12.449550229007158,-12.674275535676959,-12.909528902441787,-13.155925051684616,-13.414142939185584,-13.684934484455427,-13.969134792588623,-14.26767416729623,-14.581592281446332,-14.912054952777234,-15.260374070467346,-15.628031333808185,-16.016706595168234,-16.428311736687014,-16.865031129836055,-17.329369774438213,-17.824210070764998,-18.352877596065362,-18.91921471591557,-19.5276572759134,-20.183301706817034,-20.891932780957063,-21.659945551361204,-22.494016176390037,-23.40020726139243,-24.381835957600817,-25.434716708422517,-26.537176654471395,-27.631286922750157,-28.59616478846759,-29.23799612495939,-29.35895195884216,-28.906212750921085,-28.0225321880895,-26.919500510728813,-25.756704947391434,-24.620392052011958,-23.547467869857517,-22.549189376874487,-21.62515812630339,-20.770293003975308,-19.9780453992576,-19.241798636223134,-18.555426129447824,-17.913470025555075,-17.311154835092644,-16.744334748278316,-16.209419407161985,-15.703297787866683,-15.223268169205388,-14.766976802233508,-14.332365515547828,-13.917627517070862,-13.521170332495405,-13.141584792961664,-12.777619077637075,-12.428156949684183,-12.092199460026006,-11.768849517198674,-11.457298828450542,-11.156816806770584,-10.866741112297856,-10.586469556794178,-10.315453148804856,-10.053190096823219,-9.799220619958982,-9.553122441735054,-9.31450686388428,-9.083015334339704,-8.858316437774931,-8.640103248666305,-8.428090996405967,-8.222014999884419,-8.021628835496601,-7.826702707956937,-7.637021997838245,-7.452385963539028,-7.272606578564447,-7.097507487685133,-6.926923067800347,-6.760697581249227,-6.598684410943102,-6.44074536808006,-6.286750064390031,-6.136575341875271,-5.99010475388544,-5.847228092119037,-5.707840954793564,-5.571844351789508,-5.4391443430621464,-5.309651707039935,-5.183281636099081,-5.059953456527313,-4.939590370673665,-4.8221192192294975,-4.7074702618047635,-4.595576974155956,-4.4863758605922355,-4.379806280236311,-4.27581028594974,-4.174332474850386,-4.075319849454514,-3.9787216885695162,-3.8844894271463453,-3.792576544375146,-3.7029384593739083,-3.615532433879629,-3.5303174814046594,-3.4472542823689523,-3.366305104762068,-3.2874337299274003,-3.210605383096345,-3.1357866683315216,-3.0629455075668233,-2.9920510834578447,-2.923073785779749,-2.8559851611307687,-2.7907578657188905,-2.727365621026871,-2.6657831721665475,-2.60598624874816,-2.5479515281034706,-2.4916566007138288,-2.4370799377052044,-2.3842008602824745,-2.332999510984627,-2.2834568266508954,-2.2355545129958427,-2.189275020698635,-2.1446015229182183,-2.101517894152478,-2.0600086903649424,-2.0200591303079003,-1.9816550779756597,-1.9447830261260959,-1.909430080812918,-1.875583946874849,-1.8432329143316326,-1.8123658456400826,-1.78297216376659,-1.7550418410354218,-1.7285653887150048,-1.703533847306843,-1.6799387775043702,-1.6577722517912026,-1.6370268466505582,-1.6176956353596375,-1.5997721813448105,-1.5832505320752799,-1.5681252134747792,-1.5543912248325265,-1.5420440341964148,-1.5310795742329608,-1.5214942385401158,-1.5132848784006026,-1.5064487999648304,-1.5009837618539628,-1.4968879731750535,-1.4941600919416123,-1.4927992238942231,-1.4928049217173125,-1.4941771846493832,-1.4969164584854218,-1.501023635971446,-1.5065000575925587,-1.5133475127571048,-1.5215682413809575,-1.5311649358771697,-1.542140743557795,-1.5544992694557844,-1.5682445795765614,-1.5833812045900886,-1.5999141439758513,-1.6178488706346177,-1.6371913359824906,-1.6579479755442006,-1.6801257150645283,-1.7037319771582178,-1.728774688520753,-1.7552622877241602,-1.7832037336239903,-1.8126085144058575,-1.8434866573018769,-1.875848739009895,-1.9097058968507628,-1.9450698407014675,-1.9819528657448822,-2.020367866079616,-2.0603283492368294,-2.1018484516541127,-2.144942955160203,-2.1896273045281456,-2.2359176261588,-2.2838307479609012,-2.3333842204989033,-2.3845963394849807,-2.437486169697246,-2.4920735704123365,-2.5483792224472706,-2.606424656912561,-2.666232285786556,-2.727825434429372,-2.791228376164278,-2.8564663690643544,-2.923565695093507,-2.992553701762937,-3.063458846477535,-3.136310743761151,-3.211140215565763,-3.2879793448869647,-3.366861532927732,-3.447821560073385,-3.5308956509643457,-3.616121543979011,-3.7035385654676034,-3.793187709109609,-3.885111720802196,-3.9793551895260864,-4.075964644678233,-4.174988660408722,-4.276477967552723,-4.380485573807689,-4.4870668928727,-4.596279883340937,-4.7081851982196845,-4.822846346045578,-4.940329864667724,-5.060705508889393,-5.184046453291991,-5.310429511715457,-5.439935375038898,-5.572648869098201,-5.708659234795803,-5.8480604327067285,-5.990951474768378,-6.137436785965473,-6.287626599292331,-6.441637387699458,-6.5995923372206065,-6.761621866039247,-6.927864194904156,-7.098465975056715,-7.273582980706603,-7.453380874110169,-7.638036052492156,-7.82773658744069,-8.02268326903458,-8.223090768879523,-8.429188938492624,-8.641224262153656,-8.859461486522465,-9.084185453112088,-9.315703164236185,-9.554346118481071,-9.800472958287463,-10.054472480115637,-10.316767067223338,-10.587816616697754,-10.868123046541658,-11.158235485927396,-11.458756272968278,-11.770347910462899,-12.09374116222393,-12.429744512250956,-12.779255257882873,-13.14327256819352,-13.522912912503033,-13.919428353152643,-14.33422830316607,-14.768905472674556,-15.225266862896385,-15.705370797627127,-16.211571072564396,-16.746569270596915,-17.313475962782025,-17.915880527037487,-18.557926912741404,-19.24438727442576,-19.980713641546693,-20.773022527629873,-21.627913196456294,-22.551904024777794,-23.550023409439753,-24.62257822844558,-25.758156786731305,-26.91961380310277,-28.020418641262385,-28.900905061333873,-29.350105493007376,-29.226577091922206,-28.58393618511892,-27.61963089450427,-26.526700857234697,-25.425518022858604,-24.373798550201933,-23.393160402925403,-22.487795608810295,-21.65441130313163,-20.886970759976805,-20.17882030511574,-19.523583086938274,-18.915488676170526,-18.349451850587947,-17.821045527706985,-17.32643422651148,-16.862297816570514,-16.42575824159166,-16.014313995240336,-15.625783539067914,-15.258257307083461,-14.910057355315857,-14.579703568621142,-14.26588538209238,-13.967438092396884,-13.683322970356768,-13.41261051611665,-13.154466313140176,-12.908139034811605,-12.672950238401008,-12.448285647557826,-12.233587678582172,-12.028349009629109,-11.832107027606483,-11.644439016417216,-11.464957973672455,-11.293308962120499,-11.129165917648036,-10.972228848495714,-10.822221370834942,-10.678888534511872,-10.541994899926548,-10.411322832958804,-10.286670989802019,-10.167852967701203,-10.054696101058791,-9.9470403852874,-9.844737513249306,-9.747650011205481,-9.655650462965728,-9.568620812438471,-9.486451736066213,-9.40904207773648,-9.336298339707035,-9.268134223902344,-9.20447021864667,-9.14523322651349,-9.090356229506106,-9.039777988252224,-8.993442772305023,-8.951300119004786,-8.913304618674085,-8.879415724203367,-8.849597583336873,-8.82381889219613,-8.802052768783824,-8.784276645397458,-8.770472179053893,-8.76062517918428,-8.754725552007121,-8.752767261127156,-0.4282591014737036,-0.05670218141022998,-1.6487552972518806,0.7102691692972827,0.9483633244487489,1.6294883228945687
-11.519906277127173,-11.523698499002933,-11.535066841319617,-11.55403542514537,-11.58064461495954,-11.614951274712926,-11.657029130328942,-11.70696924274579,-11.764880596835498,-11.830890812814282,-11.9051469880809,-11.987816678780096,-12.079089031770378,-12.179176079047298,-12.288314207978699,-12.406765821856391,-12.534821206115163,-12.672800615894399,-12.821056600083324,-12.979976575092119,-13.149985657568328,-13.331549757995171,-13.525178924866857,-13.731430909392534,-13.950914889622828,-14.184295244785508,-14.432295196811982,-14.69570002343823,-14.97535937598295,-15.272187974629581,-15.587163558469385,-15.921320365922885,-16.275735505429466,-16.651504182580474,-17.049697632581157,-17.471294406941677,-17.91707087935214,-18.38742983134079,-18.882136115437206,-19.39991552049048,-19.93785877375329,-20.490563890381736,-21.048965339933424,-21.598878548038275,-22.11950347246177,-22.582553262228686,-22.953240665606796,-23.194590379302383,-23.27547913127188,-23.179984592148195,-22.913035896400746,-22.49860079774856,-21.971668196543042,-21.36898617047162,-20.722641917997848,-20.057438668453813,-19.390950582559235,-18.734800259203567,-18.096188134983056,-17.479229890297393,-16.885979452177157,-16.317157818908594,-15.77265118539874,-15.251842617234319,-14.75382889480397,-14.2775601383766,-13.82192828718515,-13.385822025754814,-12.968159853947583,-12.567909014700177,-12.184095345306059,-11.815807371028361,-11.462196811134813,-11.122476912827398,-10.795919532593652,-10.481851558290602,-10.179651050575927,-9.888743341038746,-9.60859723159838,-9.338721379032368,-9.07866090905255,-8.827994279014234,-8.586330392368211,-8.353305958184265,-8.128583083376311,-7.911847082229453,-7.702804486525365,-7.501181239349995,-7.306721056128403,-7.119183937283752,-6.938344817979494,-6.76399234155471,-6.595927744427773,-6.433963841375369,-6.277924101165501,-6.127641803519918,-5.982959269296679,-5.84372715661763,-5.709803816419008,-5.581054701582979,-5.457351824416511,-5.33857325778966,-5.224602675732156,-5.115328929722263,-5.010645657289627,-4.9104509198995725,-4.814646867394816,-4.723139426545562,-4.63583801150436,-4.552655254181456,-4.473506752752138,-4.398310836682962,-4.326988346820713,-4.2594624292287655,-4.195658341581991,-4.1355032710450566,-4.078926162661499,-4.025857557373491,-3.976229438875811,-3.929975088583509,-3.8870289480616034,-3.8473264883279445,-3.810804085497854,-3.7773989022915866,-3.7470487749740924,-3.7196921053411582,-3.695267757407255,-3.6737149584889495,-3.654973204413445,-3.638982168615663,-3.625681614918847,-3.615011313823677,-3.606910962159555,-3.601320105978825,-3.5981780666009855,-3.5974238697390004,-3.598996177664392,-3.6028332243912264,-3.608872753882244,-3.617051961302834,-3.627307437370353,-3.6395751158678262,-3.653790224411914,-3.6698872385855275,-3.6877998395652876,-3.7074608753934357,-3.728802326062372,-3.751755272597992,-3.7762498703449543,-3.802215326673114,-3.8295798833392136,-3.858270803751428,-3.888214365396414,-3.919335857698656,-3.9515595855901604,-3.9848088790745124,-4.0190061090726505,-4.054072709838329,-4.089929208228736,-4.1264952601096505,-4.1636896941650114,-4.201430563366933,-4.239635204344295,-4.278220304865493,-4.3171019796236445,-4.356195854480214,-4.395417159285614,-4.434680829352749,-4.473901615611479,-4.512994203418884,-4.551873339942054,-4.590453969966935,-4.628651379919132,-4.666381349810806,-4.703560312752306,-4.740105521588865,-4.775935222141978,-4.810968832453345,-4.845127127346761,-4.878332427541943,-4.910508792474594,-4.9415822159004685,-4.971480823289094,-5.000135069946614,-5.027477938747815,-5.05344513630674,-5.077975286374014,-5.101010119218845,-5.122494655735169,-5.142377385005941,-5.160610434067671,-5.177149728639458,-5.191955143617536,-5.204990642187547,-5.2162244024724105,-5.225628930713242,-5.233181160073542,-5.238862534261898,-5.242659075284592,-5.244561434765025,-5.2445649284006555,-5.242669553267529,-5.238879987826608,-5.233205574631743,-5.22566028588522,-5.216262672130578,-5.205035794512005,-5.192007141163318,-5.177208528415063,-5.160675987624453,-5.142449638537839,-5.122573550188243,-5.101095590410063,-5.078067265118617,-5.053543548553633,-5.027582705722262,-5.000246108299589,-4.971598045252671,-4.9417055294485195,-4.9106381014882015,-4.87846763197886,-4.84526812341434,-4.811115512784319,-4.776087475972542,-4.740263234938587,-4.703723368605328,-4.666549628297892,-4.628824758500219,-4.590632323613745,-4.552056541320502,-4.513182123070963,-4.474094122136431,-4.434877789587251,-4.395618438482851,-4.356401316487735,-4.317311487059846,-4.278433719294689,-4.239852386450376,-4.201651373125525,-4.163913991014197,-4.126722903119283,-4.090160056268386,-4.054306621743912,-4.019242943811841,-3.9850484959110357,-3.9518018442470355,-3.9195806185205284,-3.8884614895110503,-3.858520153230525,-3.82983132135862,-3.802468717672597,-3.7765050801875932,-3.752012168729371,-3.7290607776696483,-3.707720753564412,-3.688061017447591,-3.670149591546033,-3.6540536301964748,-3.639839454761458,-3.6275725923579563,-3.6173178182305583,-3.609139201619589,-3.603100154994011,-3.5992634865386575,-3.597691455805961,-3.5984458324631703,-3.601587958087471,-3.6071788109833958,-3.6152790740192757,-3.625949205502556,-3.6392495131374143,-3.655240231132476,-3.6739816005517065,-3.69553395302759,-3.7199577979830947,-3.7473139135373663,-3.7776634413002363,-3.8110679852921567,-3.8475897152600016,-3.8872914746949663,-3.930236893897237,-3.9764905084734004,-4.0261178836972045,-4.079185745212625,-4.135762116610734,-4.195916464469287,-4.259719851506773,-4.327245098571525,-4.3985669562624565,-4.473762287061641,-4.5529102589514245,-4.636092551591418,-4.723393576244284,-4.814900710765867,-4.910704551115966,-5.010899181003072,-5.115582461451723,-5.224856342277047,-5.3388271976703745,-5.457606188345161,-5.581309652967637,-5.710059531905083,-5.843983826670298,-5.9832170988288755,-6.127901012570643,-6.278184925633959,-6.434226533816672,-6.596192574916869,-6.764259598625497,-6.9386148096469675,-7.119456992157516,-7.306997524626608,-7.501461495023364,-7.703088927501423,-7.91213613278744,-8.128877195663266,-8.353605614082468,-8.586636105522903,-8.828306597028634,-9.078980415853374,-9.339048697403427,-9.608933025870542,-9.889088319911071,-10.180005970022075,-10.482217224474352,-10.796296804672457,-11.122866705457657,-11.462600096395882,-11.816225179341814,-12.184528764719582,-12.568359187601374,-12.968627969824091,-13.386309307953546,-13.822435970639491,-14.27808943380853,-14.754380932736167,-15.252418361927525,-15.7732513040885,-16.317782484831543,-16.886628050148435,-17.479900580541678,-18.09687721514039,-18.735501249861674,-19.39165296051351,-20.058126214130787,-20.72329079031212,-21.369563170527254,-21.972130307830852,-22.498897834328066,-22.913118160283044,-23.179815425750622,-23.275047866729004,-23.193918020414728,-22.952373898487156,-22.581550501129794,-22.118421094183816,-21.597762696879478,-21.047849615056368,-20.489470614655207,-19.936801571038494,-19.398901889028316,-18.881169496532408,-18.386511104931664,-17.916199381585454,-17.470468596397588,-17.048915514549773,-16.65076357281781,-16.275034189827966,-15.920656193736981,-15.586534493660555,-15.271592121158262,-14.974794987161928,-14.695165501772589,-14.431789088382352,-14.18381623071638,-13.950461776210798,-13.731002617853115,-13.52477448126738,-13.331168283693895,-13.149626360324744,-12.97963874091782,-12.820739585844516,-12.67250384264355,-12.534544153110566,-12.406508021219727,-12.288075239937562,-12.17895556771036,-12.078886641385582,-11.987632110429887,-11.904979976773063,-11.830741124931002,-11.764748027907954,-11.706853615525397,-11.656930293130369,-11.61486910000766,-11.580578998201815,-11.553986283815645,-11.535034114173406,-11.523682145515497,-11.519906277127177,-1.9932232679431774,-1.8978343375284972,-1.77658010973877,1.9965128384880289,1.2668990352531362,0.9791661614427085
-2.291747789345638,-2.2939546490848297,-2.300578861674563,-2.3116261663628594,-2.3271061501919315,-2.3470322860138233,-2.3714219860989534,-2.4002966717283676,-2.4336818592795835,-2.4716072634409088,-2.514106918321147,-2.5612193173626125,-2.612987573116653,-2.6694595981044555,-2.7306883081638063,-2.7967318498767586,-2.8676538538861545,-2.943523716143624,-3.0244169093903968,-3.1104153274587216,-3.201607665298869,-3.2980898379885577,-3.399965442372039,-3.5073462654091263,-3.6203528437943304,-3.7391150799370143,-3.863772919979035,-3.9944771001690342,-4.1313899686146245,-4.2746863901933265,-4.4245547432160794,-4.581198017292703,-4.744835022727083,-4.915701722638789,-5.09405269981505,-5.2801627709617485,-5.474328761421885,-5.67687145338062,-5.888137719804164,-6.108502854460234,-6.338373104743162,-6.578188407796626,-6.828425320293108,-7.089600116277418,-7.3622720028790445,-7.647046366247587,-7.944577903523449,-8.255573411707346,-8.580793876994576,-8.921055317558977,-9.277227547411389,-9.650229601380133,-10.041019920110763,-10.450578432414272,-10.879876231953622,-11.329826395997543,-11.801206313234173,-12.294537254020828,-12.809900358491186,-13.346659421336796,-13.903050261086744,-14.475586758915433,-15.058232947214481,-15.641318142628357,-16.210265938363207,-16.744423817616404,-17.216653349009043,-17.59475789268007,-17.845828313163658,-17.943453074918153,-17.875411902373134,-17.647783648863,-17.28285179002068,-16.812175203031362,-16.268816545757364,-15.68190686264077,-15.07431167834075,-14.462547407009612,-13.857787916050093,-13.267148953349606,-12.694852620932668,-12.143143720925227,-11.61295881410127,-11.104393785917052,-10.617021759004736,-10.150105244842154,-9.702735653974965,-9.273923752270534,-8.862657340236844,-8.46793719059878,-8.088798652079603,-7.724323865674472,-7.373647886354231,-7.0359608983228075,-6.710507975129879,-6.396587344640466,-6.093547791066709,-5.8007856073902335,-5.517741365297713,-5.24389667214074,-4.978771019388176,-4.721918783872351,-4.472926414680318,-4.23140981999867,-3.9970119563459425,-3.7694006152295505,-3.5482663978627804,-3.333320866165022,-3.1242948571630373,-2.9209369476494214,-2.7230120562235993,-2.5303001704294887,-2.3425951874712934,-2.159703857841511,-1.981444822072235,-1.8076477316837392,-1.6381524462298684,-1.4728082991141636,-1.311473425568026,-1.1540141468395928,-1.0003044052409642,-0.8502252452434604,-0.7036643362999183,-0.5605155335130758,-0.4206784726641142,-0.2840581964694934,-0.1505648092513408,-0.020113157490215024,0.10737746601701464,0.23198359644461736,0.35377785151821395,0.4728291680534605,0.5892030219566867,0.7029616330452229,0.8141641559150646,0.9228668579666284,1.0291232855948482,1.1329844194557297,1.2344988196373166,1.3337127614873046,1.430670362781363,1.5254137028551427,1.6179829342677567,1.708416387515024,1.7967506692659987,1.8830207545561177,1.9672600733338588,2.0495005917252276,2.129772888350584,2.208106226001701,2.284528618962925,2.359066896238204,2.431746760926289,2.5025928459683993,2.57162876647655,2.6388771688360335,2.7043597767624012,2.768097434481169,2.8301101471876002,2.8904171189341015,2.9490367880836015,3.00598686045936,3.061284340314006,3.1149455592339215,3.166986203088913,3.217421337131459,3.2662654293445605,3.3135323721326273,3.359235502445295,3.4033876204201166,3.4460010066262954,3.4870874379881722,3.526658202463842,3.564724112551292,3.6012955176915447,3.6363823156354886,3.669993962838536,3.702139483944698,3.732827480419198,3.7620661383864507,3.7898632357278688,3.8162261484917086,3.8411618566649555,3.864676949354939,3.886777629426274,3.9074697176363706,3.926758656310687,3.9446495125965138,3.9611469813319204,3.9762553875642004,3.9899786887498423,4.00232047666575,4.0132839790590085,4.022872061060288,4.0310872263833595,4.037931618330884,4.043407020624232,4.047514858072417,4.050256197092937,4.051631746094689,4.051641855730569,4.0502865190248984,4.047565371378218,4.043477690449446,4.038022395912836,4.03119804908462,4.023002852411695,4.013434648812133,4.002490920854853,3.990168789763163,3.9764650142245976,3.9613759889867635,3.9448977432167407,3.927025938598982,3.9077558671443358,3.887082448680532,3.865000227992053,3.8415033715750613,3.8165856639707667,3.7902405036383953,3.762460898326651,3.7332394599003327,3.702568398576603,3.6704395165231416,3.6368442007682105,3.601773415370444,3.5652176927937935,3.5271671244309672,3.487611350216071,3.4465395472649702,3.4039404174791574,3.359802174046529,3.3141125267694442,3.2668586661478507,3.2180272461419204,3.167604365535582,3.1155755478187697,3.0619257195024008,3.006639186776192,2.9496996104148865,2.891089978833871,2.8307925791897857,2.7687889664163357,2.705059930079037,2.6395854589260974,2.572344703005074,2.503315933206781,2.432476498088963,2.3598027778223867,2.2852701350910114,2.2088528627659465,2.1305241281596397,2.050255913652067,1.9680189534645747,1.8837826663391213,1.7975150838609697,1.7091827741410381,1.61875076054993,1.5261824351690088,1.4314394665942929,1.3344817016960393,1.2352670609008043,1.1337514265221824,1.0298885236220316,0.9236297928342083,0.8149242545277957,0.7037183636256052,0.5899558543256199,0.47357757389741206,0.35452130464104104,0.2327215730022625,0.1081094447330045,-0.019387695130683547,-0.14984637883120944,-0.2833473104962073,-0.4199756404554534,-0.5598212611158369,-0.7029791264448948,-0.8495495973408413,-0.9996388154205114,-1.153359108040624,-1.3108294276847168,-1.4721758292023892,-1.637531988782654,-1.8070397689832403,-1.9808498346271968,-2.159122324920501,-2.342027587743349,-2.529746982725562,-2.7224737604341454,-2.920414025775791,-3.123787794543186,-3.332830152897104,-3.54779253045424,-3.7689440985037246,-3.9965733056436448,-4.230989563718628,-4.472525097209819,-4.721536968968726,-4.978409294082067,-5.243555651245032,-5.517421696620621,-5.800487977768575,-6.093272933355306,-6.396336045816431,-6.710281085696051,-7.035759343221026,-7.373472677625883,-7.7241761171273415,-8.088679596229944,-8.467848198141985,-8.862599942235299,-9.273899665093413,-9.702746806710664,-10.150153808313298,-10.617110174447886,-11.104524789514048,-11.613135450325947,-12.14336933224052,-12.695130792450318,-13.267483376900678,-13.858182116875915,-14.463004247608108,-15.07483252347609,-15.68249027881377,-16.269456472270743,-16.812858769504285,-17.283557464515443,-17.648481077263053,-17.876065018074247,-17.94402682197209,-17.846296670898976,-17.595109155060022,-17.216890181075158,-16.744559129397608,-16.210317548606163,-15.641304531583433,-15.058170806258158,-14.475490016001107,-13.90292999207138,-13.346524172672883,-12.809756597765611,-12.29438981027579,-11.801058753973512,-11.329681329744696,-10.879735542781503,-10.45044345835475,-10.040891587575176,-9.650108526034622,-9.277114109844462,-8.920949720142955,-8.580696186753709,-8.255483592770657,-7.944495841808824,-7.6469718883317,-7.3622048904982185,-7.089540117530587,-6.828372158343397,-6.578141787666624,-6.3383327186503715,-6.108468386029089,-5.888108847409753,-5.676847852817821,-5.47431010804849,-5.280148741429435,-5.094042973476116,-4.9156959826967395,-4.744832957184081,-4.581199319735262,-4.424559113471351,-4.274693534881553,-4.131399601617795,-3.9944889430316612,-3.863786702253716,-3.7391305394847056,-3.6203697270473962,-3.5073643276035273,-3.39998444775371,-3.2981095599981365,-3.20162788673798,-3.1104358406404877,-3.0244375162762536,-2.9435442284681907,-2.867674093271417,-2.796751647936783,-2.7307075066007798,-2.6694780487967757,-2.613005138199671,-2.56123586930239,-2.51412233998173,-2.4716214481452656,-2.433694710864504,-2.400308104593525,-2.371431925250219,-2.347040667100986,-2.327112919540886,-2.311631281002353,-2.3005822893575316,-2.293956368304367,-2.29174778934564,-1.2084304534198134,-1.001571697302812,-1.7013612431172787,1.0461930003884898,1.879065681830595,1.2852772467116151
-7.041435025293488,-7.043758336856085,-7.050753995318511,-7.062430637518842,-7.078802690443698,-7.099890432612311,-7.12572008071092,-7.156323902230252,-7.191740355090232,-7.232014255481132,-7.277196975411687,-7.327346671736546,-7.382528548741344,-7.4428151566983,-7.50828672917348,-7.579031562273726,-7.655146439473204,-7.736737106162758,-7.823918798627201,-7.91681683278442,-8.015567258724126,-8.1203175878728,-8.231227600494188,-8.34847024222165,-8.472232619418739,-8.602717104385407,-8.740142562773933,-8.884745717050887,-9.036782661429852,-9.196530545381204,-9.364289444555501,-9.540384439656751,-9.725167925341257,-9.919022172387773,-10.122362166857819,-10.335638749233311,-10.559342073802702,-10.794005402673035,-11.04020923789468,-11.298585776521485,-11.56982364275208,-11.854672802119381,-12.153949485051365,-12.468540825662785,-12.799408732603467,-13.147592215298879,-13.51420693351293,-13.900440031142107,-14.307537216513664,-14.736777343525238,-15.189427095624186,-15.6666642726018,-16.16945189702692,-16.698335918656646,-17.25312564006305,-17.832397652579434,-18.432743271854285,-19.04766634644283,-19.666062218258084,-20.27033628415122,-20.834566826986823,-21.323781971627294,-21.696217299786408,-21.910395922245883,-21.936495452291847,-21.767012524308953,-21.41975791915386,-20.930941792027173,-20.34334669156991,-19.696424770930104,-19.021384231291712,-18.340446870549,-17.6682241736175,-17.01365751724217,-16.381770895071003,-15.77501219208283,-15.194197231603265,-14.639143559758246,-14.109083775878485,-13.602929752933486,-13.11943872504436,-12.657315809168495,-12.215275761797477,-11.792078790429983,-11.38654997830356,-10.997588462929215,-10.62417030388711,-10.265347556420304,-9.920245154568041,-9.588056619936516,-9.268039233574981,-8.959509064429323,-8.661836090804195,-8.374439550536948,-8.096783591406002,-7.828373252868507,-7.568750785228302,-7.317492297351866,-7.07420471552882,-6.838523031690462,-6.6101078174303325,-6.3886429801169555,-6.17383373819899,-5.965404794153729,-5.763098685150199,-5.566674293215228,-5.3759054983998675,-5.190579960080689,-5.010498013062062,-4.835471666554468,-4.665323695385387,-4.499886813955638,-4.339002924490912,-4.18252243206428,-4.030303619690172,-3.8822120775227766,-3.738120180842044,-3.5979066120866587,-3.461455922703985,-3.328658131039451,-3.1994083528887534,-3.0736064616916527,-2.9511567756612758,-2.831967769422775,-2.7159518079833314,-2.6030249010767466,-2.493106476121976,-2.38611916821027,-2.281988625691366,-2.1806433300684342,-2.0820144290358664,-1.986035581605019,-1.8926428143626082,-1.8017743879955277,-1.7133706732958178,-1.6273740359311948,-1.543728729331023,-1.4623807950955712,-1.383277970388549,-1.3063696018198254,-1.2316065653676829,-1.1589411919280381,-1.0883271981125786,-1.0197196219489102,-0.9530747631638741,-0.8883501277566572,-0.8255043765913501,-0.7644972777592786,-0.7052896624804019,-0.6478433843300545,-0.5921212815926444,-0.53808714255803,-0.4857056735887926,-0.4349424697981938,-0.38576398818881924,-0.3381375231113906,-0.29203118391169625,-0.24741387464117834,-0.20425527571379082,-0.16252582739791885,-0.1221967150378534,-0.0832398559045691,-0.04562788758001617,-0.009334157783580502,0.02566728444696501,0.05940169630413257,0.09189364756995375,0.12316702586383133,0.15324504085441523,0.18215022750843413,0.20990444844715084,0.23652889547898504,0.2620440903749576,0.2864698849515159,0.3098254605237766,0.33212932679029167,0.35339932020883913,0.37365260192110117,0.3929056552824544,0.4111742830513886,0.4284736042915307,0.44481805103752264,0.46022136477427983,0.47469659277742204,0.48825608436093576,0.5009114870761001,0.5126737429040099,0.5235530844818664,0.5335590314011974,0.542700386614126,0.550985232981477,0.5584209299943268,0.565014110698209,0.5707706788468679,0.5756958063098282,0.5797939307556437,0.5830687536300483,0.585523238445582,0.5871596093965609,0.5879793503105957,0.5879832039450333,0.5871711716339486,0.5855425132885326,0.5830957477508621,0.5798286534982986,0.5757382696929352,0.5708208975676614,0.5650721021378153,0.5584867142245149,0.5510588327731065,0.5427818274476224,0.533648341479387,0.5236502947454938,0.5127788870503667,0.501024601581161,0.4883772085055248,0.4748257686778124,0.4603586374178187,0.4449634683237977,0.42862721707963786,0.4113361452139549,0.3930758237669851,0.3738311368193262,0.3535862848347435,0.3323247877675109,0.310029487883072,0.2866825522390865,0.26226547477235995,0.23675907793540546,0.21014351382490476,0.18239826474247556,0.15350214312673083,0.12343329079362178,0.09216917742050504,0.059686598207340666,0.02596167064647332,-0.009030169669590724,-0.04531417427530462,-0.08291628816951503,-0.12186315734112134,-0.16218213756390876,-0.20390130454460312,-0.24704946551168785,-0.29165617233634206,-0.3377517362810962,-0.3853672444764297,-0.43453457823067726,-0.4852864332843062,-0.5376563421258465,-0.5916786984937134,-0.6473887841958604,-0.7048227983875532,-0.7640178894569944,-0.8250121896788555,-0.8878448528071025,-0.9525560947912047,-1.0191872378136737,-1.0877807578622665,-1.1583803360672396,-1.2310309140526756,-1.3057787535718393,-1.3826715007192083,-1.4617582550374684,-1.5430896438654877,-1.6267179023045732,-1.7126969592145653,-1.80108252968936,-1.8919322145037651,-1.9853056070702693,-2.0812644084964553,-2.17987255139134,-2.281196333133317,-2.385304559383728,-2.492268698709794,-2.602163049269341,-2.715064918608883,-2.83105481773735,-2.950216670761399,-3.0726380415070125,-3.1984103787071754,-3.3276292815097404,-3.4603947872548932,-3.596811683691588,-3.736989848049259,-3.8810446156592544,-4.029097181133926,-4.181275035464248,-4.337712442795335,-4.498550961088292,-4.6639400113839145,-4.834037500955237,-5.009010506281026,-5.189036022497793,-5.3743017868051846,-5.565007184215687,-5.761364245065107,-5.963598744842084,-6.171951418159047,-6.386679300074735,-6.6080572094830075,-6.836379390887536,-7.071961332549864,-7.31514178066497,-7.566284970774885,-7.82578309890218,-8.094059055594876,-8.371569445793455,-8.658807915501637,-8.956308801656206,-9.264651112813588,-9.584462832962213,-9.916425515366234,-10.261279092404223,-10.61982676254912,-10.992939714133065,-11.381561287588212,-11.786709932848137,-12.209479938974399,-12.65103832474955,-13.112615366441522,-13.59548482251498,-14.100927717286446,-14.630170144721388,-15.184280328829212,-15.764002269673913,-16.36949168002196,-16.999903770694576,-17.65276253354977,-18.32302342618415,-19.001745113628697,-19.67435914832516,-20.31876274583309,-20.903979004693443,-21.390913080115972,-21.737211086046898,-21.907011044970382,-21.882581484990645,-21.67116142772202,-21.302087207691876,-20.81634472034878,-20.255351638669822,-19.65390577795274,-19.037883778466753,-18.424907414887947,-17.82613869232875,-17.248137291687083,-16.694370467380534,-16.16631134577384,-15.664191085495219,-15.18749594924607,-14.73528828595837,-14.306410197379108,-13.899610609943922,-13.513622943190944,-13.14721117712184,-12.799195852838391,-12.468467439352732,-12.15399184251998,-11.854811118318526,-11.57004134868134,-11.298868926572736,-11.040546038052256,-10.794385832851376,-10.559757583892978,-10.3360820131719,-10.122826882613392,-9.919502898481733,-9.725659946586873,-9.54088365638637,-9.364792280823016,-9.197033872568166,-9.037283734414192,-8.885242120667467,-8.740632166743321,-8.60319802523973,-8.472703188232554,-8.348928977177634,-8.231673183491054,-8.120748844525117,-8.015983141218607,-7.917216405150174,-7.824301224053003,-7.737101636056087,-7.65549240400634,-7.579358362203773,-7.508593828757533,-7.443102077553425,-7.382794864522831,-7.327592003527518,-7.277420987734047,-7.232216652851591,-7.191920879057216,-7.1564823288375905,-7.125856218342848,-7.1000041201818895,-7.078893795893291,-7.062499056607016,-7.050799650672924,-7.043781177276517,-7.04143502529349,-0.49844018226490294,-1.473108557042458,-1.2726623130551904,1.1549262612799813,1.1299151136751049,1.5012005995376625
-21.951770470913377,-21.956461988388938,-21.970416569786188,-21.993674533258027,-22.026303393260093,-22.068398489830333,-22.120083885786336,-22.181513549139726,-22.252872843854338,-22.334380358618446,-22.42629011077808,-22.52889417124283,-22.642525766329072,-22.767562924510134,-22.904432750329452,-23.053616424816088,-23.215655052228282,-23.39115649753853,-23.580803388545238,-23.785362491661605,-24.00569571202988,-24.242773017060685,-24.497687637453033,-24.77167395918869,-25.066128578521383,-25.382635037609763,-25.722992766499914,-26.08925067869652,-26.483745607125165,-26.909145139909057,-27.368493062252366,-27.86525283198223,-28.403338935699697,-28.987114859507773,-29.621314307402088,-30.310798303193785,-31.05997341007443,-31.871525097259553,-32.74379947577891,-33.665635949607626,-34.606884171845095,-35.50353200516864,-36.24271661660764,-36.67036497009144,-36.65416184577736,-36.1759586111184,-35.346811731171016,-34.32369047699608,-33.23230870910214,-32.14792247192458,-31.10763573230784,-30.126282323179723,-29.20727189986443,-28.348668876814664,-27.54631712855467,-26.795368435724427,-26.09099530045779,-25.42869807239952,-24.804414406408235,-24.214535241077535,-23.655879117482094,-23.125650351460525,-22.62139334818379,-22.14094870138268,-21.682413399782465,-21.24410583451286,-20.82453553371502,-20.422377219622092,-20.036448670362642,-19.66569186075602,-19.309156895400484,-18.965988303983064,-18.63541332849418,-18.31673188823612,-18.0093079584976,-17.71256214185826,-17.425965247568076,-17.149032724997028,-16.881319822572348,-16.62241736470275,-16.371948056645007,-16.12956324172028,-15.894940047260652,-15.667778865600388,-15.447801124683862,-15.234747309740301,-15.028375203219735,-14.828458314993107,-14.634784478855934,-14.447154594772302,-14.265381499163396,-14.089288947971328,-13.918710699288436,-13.753489684094342,-13.59347725513826,-13.438532505282703,-13.288521647721684,-13.1433174514296,-13.002798726009567,-12.866849850812761,-12.735360343808251,-12.608224466211107,-12.485340859336072,-12.366612210544739,-12.251944945504508,-12.1412489442842,-12.034437279080674,-11.931425971607354,-11.832133768384509,-11.736481932355275,-11.64439404941464,-11.555795848583113,-11.470615034685341,-11.388781132508228,-11.310225341515041,-11.234880400283178,-11.162680459914755,-11.093560965742288,-11.027458546717568,-10.96431091193081,-10.904056753760784,-10.846635657204608,-10.791988014979658,-10.740054948029725,-10.6907782311034,-10.644100223105477,-10.599963801952159,-10.558312303687895,-10.51908946564697,-10.482239373465516,-10.447706411770914,-10.415435218394581,-10.385370641972042,-10.357457702810393,-10.331641556918306,-10.307867463107538,-10.286080753087507,-10.266226804486312,-10.248251016741998,-10.232098789817899,-10.21771550570447,-10.205046512678278,-10.194037112295815,-10.184632549106372,-10.176778003073622,-10.170418584700606,-10.165499332856744,-10.161965215308745,-10.159761131959984,-10.15883192080439,-10.159122366602153,-10.160577212284345,-10.163141173093182,-10.166758953463056,-10.17137526664513,-10.176934857075274,-10.183382525481022,-10.190663156718527,-10.198721750324825,-10.207503453764213,-10.216953598340295,-10.22701773773726,-10.237641689144949,-10.248771576912812,-10.260353878667576,-10.272335473818483,-10.28466369436252,-10.297286377889954,-10.310151922678223,-10.323209344749165,-10.336408336751823,-10.349699328519627,-10.36303354913764,-10.376363090342497,-10.389640971064578,-10.402821202909617,-10.415858856364808,-10.42871012750306,-10.441332404948596,-10.453684336857298,-10.465725897656728,-10.477418454283459,-10.488724831649277,-10.499609377063518,-10.510038023335778,-10.519978350282244,-10.529399644359458,-10.538272956151925,-10.54657115544443,-10.554268983616407,-10.56134310310398,-10.56777214368595,-10.573536745362034,-10.578619597606044,-10.583005474792682,-10.586681267614209,-10.589636010322703,-10.591860903654126,-10.593349333312558,-10.59409688391579,-10.594101348327678,-10.59336273232688,-10.591883254587035,-10.589667341968354,-10.586721620146168,-10.583054899626816,-10.578678157225902,-10.573604513107925,-10.567849203509203,-10.561429549288043,-10.55436492046676,-10.54667669694938,-10.538388225616618,-10.529524774015574,-10.520113480875949,-10.510183303696728,-10.499764963657652,-10.488890888118378,-10.477595150974391,-10.465913411143351,-10.453882849458038,-10.441542104242671,-10.428931205848293,-10.416091510419921,-10.40306563316387,-10.389897381377418,-10.37663168749595,-10.36331454240393,-10.349992929246412,-10.336714757967378,-10.32352880078957,-10.310484628838626,-10.297632550101657,-10.285023548897607,-10.272709227023537,-10.260741746727772,-10.249173775647666,-10.238058433836743,-10.22744924299305,-10.217400077988284,-10.207965120785104,-10.199198816818647,-10.191155833907292,-10.183891023747535,-10.177459386038175,-10.171916035270247,-10.167316170211079,-10.163715046103498,-10.161167949594905,-10.159730176405116,-10.159457011737281,-10.160403713432075,-10.162625497862319,-10.166177528562857,-10.171114907589109,-10.177492669596981,-10.185365778637072,-10.194789127656973,-10.20581754070729,-10.218505777849478,-10.232908542766882,-10.249080493084541,-10.267076253407946,-10.286950431096866,-10.308757634796423,-10.332552495755152,-10.358389691967453,-10.386323975187068,-10.416410200867649,-10.448703361097438,-10.483258620606579,-10.52013135593828,-10.559377197889033,-10.60105207733783,-10.645212274601018,-10.691914472466788,-10.74121581308292,-10.793173958892236,-10.847847157833247,-10.905294313048381,-10.965575057369632,-11.028749832881244,-11.094879975892038,-11.164027807685903,-11.236256731458639,-11.311631335893232,-11.390217505873695,-11.472082540891343,-11.55729528175639,-11.64592624629384,-11.738047774775628,-11.833734185923017,-11.933061944404193,-12.036109840854408,-12.14295918556042,-12.2536940170799,-12.36840132721107,-12.487171303891644,-12.61009759379061,-12.737277586565662,-12.8688127229964,-13.004808829473422,-13.145376481630603,-13.290631400259427,-13.44069488304537,-13.595694276127539,-13.755763490011901,-13.921043564978481,-14.091683291827241,-14.26783989462232,-14.449679783040194,-14.637379383027241,-14.831126055755012,-15.031119116360953,-15.237570965720339,-15.450708350561138,-15.670773769668225,-15.89802704680087,-16.132747094356734,-16.375233895867257,-16.625810740235988,-16.884826746398396,-17.152659723988346,-17.429719423888812,-17.71645124252255,-18.01334045576691,-18.320917072898986,-18.639761418521466,-18.9705105716144,-19.313865816423025,-19.67060129062548,-20.041574052938632,-20.427735835710287,-20.830146798409288,-21.24999165460806,-21.688598605402703,-22.147461569560036,-22.62826624053624,-23.132920493371284,-23.663589552057438,-24.22273599686632,-24.81316392131292,-25.438064912437536,-26.101060189796556,-26.806226548729434,-27.558080430397712,-28.361467915514798,-29.22125558515856,-30.14161230904572,-31.12446789386407,-32.16635959563084,-33.25229386763981,-34.34479533490955,-35.36790202340937,-36.19491984389674,-36.668279797670664,-36.67775555177111,-36.24354993280187,-35.499529259230165,-34.59999779425961,-33.65732907396571,-32.73497878067079,-31.862698652739645,-31.051406808323332,-30.30261960142694,-29.61357615845057,-28.979829554062633,-28.396497817646082,-27.85883698674546,-27.362479171510948,-26.90350865487979,-26.47846242784505,-26.084297998394497,-25.718349450123476,-25.378281742962983,-25.062047738537284,-24.767849692924248,-24.494105628252505,-24.2394203795207,-24.002560859650593,-23.782435011408644,-23.578073925274712,-23.388616649369776,-23.213297276908836,-23.051433956572104,-22.902419526429135,-22.76571352066851,-22.640835340076176,-22.52735841242227,-22.424905198412404,-22.33314292345757,-22.251779936005,-22.18056261025255,-22.11927272535082,-22.067725265195868,-22.025766593062986,-21.9932729639908,-21.97014934529692,-21.95632852214578,-21.951770470913377,-1.4933305102230308,-1.6370762748255168,-0.17224039198841812,1.7710174768382825,0.6039468396703179,0.9244332849358596
-10.29303925814234,-10.29658646730564,-10.307310229568515,-10.325232174356175,-10.35038853046495,-10.382830336576326,-10.422623739054476,-10.469850379980599,-10.52460787924407,-10.587010415387006,-10.657189410778889,-10.735294327567974,-10.821493581693247,-10.91597558300624,-11.018949910187782,-11.13064862956048,-11.251327766961056,-11.38126894135077,-11.52078116751994,-11.670202832664849,-11.829903847171007,-12.000287962738145,-12.181795239733809,-12.3749046284753,-12.58013660325098,-12.798055749248594,-13.029273145199872,-13.274448299680143,-13.534290273603114,-13.809557436215854,-14.101055028146845,-14.409629300194997,-14.736156397474458,-15.081523272410431,-15.446596602091493,-15.832173764471008,-16.238907134540238,-16.667188973056284,-17.116978668368095,-17.587546920224856,-18.077103204069793,-18.582266037712806,-19.09733711351446,-19.61336583835999,-20.11706939529049,-20.589846221461798,-21.007411472195507,-21.340907338883017,-21.560370635387173,-21.6406409528268,-21.568039087001516,-21.344628964618494,-20.987545955856092,-20.523809298434053,-19.983573081734164,-19.394757389524028,-18.780234987314707,-18.1571860232167,-17.537688966035674,-16.92976725918254,-16.338446288706013,-15.76663754215559,-15.215811899579235,-14.686485553741287,-14.178559333116903,-13.691550588723349,-13.22474920535482,-12.777321189542123,-12.348376521796641,-11.937012859871006,-11.54234302608474,-11.163511667330472,-10.799704732030582,-10.450154222557263,-10.11413987890926,-9.790988906855478,-9.48007449703135,-9.180813633453525,-8.892664522055327,-8.615123856190833,-8.347724059135643,-8.090030591642552,-7.841639377618258,-7.602174377569128,-7.371285323940256,-7.148645622333354,-6.933950416118328,-6.726914807972161,-6.527272229578384,-6.334772949544563,-6.149182709161653,-5.970281475675194,-5.797862303084955,-5.631730291014382,-5.471701632812032,-5.317602744708671,-5.1692694685205804,-5.026546341038689,-4.8892859238605,-4.757348188000316,-4.630599948148344,-4.508914341941051,-4.3921703500535925,-4.280252353332549,-4.173049723556304,-4.070456444743227,-3.9723707622283504,-3.878694856999515,-3.7893345430272474,-3.7041989855414954,-3.623200438405003,-3.546253998910279,-3.4732773784863786,-3.404190687945121,-3.3389162360259066,-3.277378340114827,-3.219503148119385,-3.1652184705754993,-3.1144536221500436,-3.0671392717807047,-3.023207300766429,-2.9825906681870427,-2.945223283090091,-2.9110398829378505,-2.879975917857548,-2.851967440284433,-2.82695099963016,-2.804863541649042,-2.7856423122118903,-2.769224765232179,-2.755548474522145,-2.7445510493874083,-2.736170053798394,-2.7303429290047347,-2.7270069194859667,-2.7260990021575853,-2.7275558187765703,-2.7313136115146475,-2.7373081616909944,-2.7454747316789656,-2.7557480100235976,-2.768062059828363,-2.7823502704906975,-2.7985453128864908,-2.8165790981236305,-2.8363827400040096,-2.8578865213521807,-2.8810198643865075,-2.9057113053257226,-2.931888473439679,-2.959478074767741,-2.9884058807416567,-3.018596721961439,-3.04997448738289,-3.082462129183278,-3.1159816735774397,-3.1504542378597415,-3.185800053947787,-3.2219384987009403,-3.2587881312807903,-3.2962667378108796,-3.334291383579364,-3.3727784730104657,-3.4116438176081427,-3.450802712048576,-3.4901700185661277,-3.529660259740657,-3.5691877197521493,-3.608666554121735,-3.6480109079059635,-3.6871350422544333,-3.7259534691791596,-3.7643810943179523,-3.802333367404284,-3.839726440082507,-3.8764773306311904,-3.9125040950789436,-3.947726004117704,-3.9820637251385986,-4.015439508636688,-4.04777737815364,-4.079003322853778,-4.109045491759154,-4.137834388605649,-4.165303066225063,-4.191387319309511,-4.216025874375164,-4.239160575713635,-4.26073656610218,-4.280702461039151,-4.299010515279694,-4.315616780468855,-4.330481252705392,-4.34356800891996,-4.354845331015358,-4.3642858167942595,-4.371866476790169,-4.377568816219504,-4.381378901385659,-4.383287409987853,-4.383289664917379,-4.3813856512594285,-4.377580016358285,-4.371882052945308,-4.364305665470748,-4.354869319920081,-4.343595977531198,-4.330513012958525,-4.315652117552331,-4.2990491885344255,-4.280744204953687,-4.260781091395352,-4.2392075704957755,-4.2160750053785465,-4.1914382331783315,-4.165355390854985,-4.137887734522937,-4.10909945352934,-4.079057480509894,-4.047831298634317,-4.015492747224677,-3.982115826890682,-3.9477765052773375,-3.912552524463604,-3.876523210986831,-3.8397692893982422,-3.802372700180982,-3.7644164227851116,-3.725984304455058,-3.687160895445276,-3.6480312911403256,-3.608680981517323,-3.569195708312421,-3.5296613301795503,-3.4901636960596214,-3.4507885269123326,-3.411621305901054,-3.3727471770642503,-3.3342508524548564,-3.2962165276819784,-3.2587278057473448,-3.221867629032145,-3.1857182192578875,-3.150361025218035,-3.1158766780547387,-3.0823449538371053,-3.049844743183744,-3.018454027662586,-2.9882498626948677,-2.9593083666874245,-2.9317047161178205,-2.905513146300047,-2.8808069575640944,-2.857658526590841,-2.836139322653488,-2.81631992852867,-2.7982700658536364,-2.7820586247205648,-2.7677536973150096,-2.7554226154223893,-2.7451319916442474,-2.736947764184661,-2.7309352450865223,-2.727159171817353,-2.7256837621249086,-2.726572772103926,-2.7298895574370263,-2.7356971377950012,-2.7440582644045737,-2.755035490815114,-2.7686912469199827,-2.785087916313163,-2.80428791708768,-2.826353786209264,-2.851348267626794,-2.8793344043105193,-2.9103756344402685,-2.9445358919984277,-2.9818797120576974,-3.022472341090665,-3.066379852668221,-3.1136692689568686,-3.1644086884712284,-3.2186674205883428,-3.2765161273850985,-3.3380269734195176,-3.4032737841419465,-3.4723322136935346,-3.5452799229279037,-3.6221967685783274,-3.7031650045880546,-3.788269496726868,-3.8775979517333847,-3.9712411623519928,-4.069293269776538,-4.17185204517201,-4.279019192122316,-4.3909006720487485,-4.507607054862314,-4.629253897356048,-4.755962152113396,-4.887858610008864,-5.025076379709632,-5.167755407955264,-5.3160430447997005,-5.470094658447659,-5.630074304808248,-5.796155457423817,-5.968521804009087,-6.147368116452705,-6.332901201781728,-6.52534094225537,-6.724921433415963,-6.931892229545065,-7.146519706498071,-7.36908855223791,-7.599903395436715,-7.839290582084444,-8.0876001088735,-8.34520771983839,-8.61251716876329,-8.889962643423665,-9.17801133762526,-9.477166141534127,-9.787968397453952,-10.111000633335767,-10.446889134515535,-10.796306137523628,-11.159971316557549,-11.538652065945982,-11.93316183481114,-12.34435540475898,-12.773119460862855,-13.220356006504591,-13.68695499136733,-14.173750784128549,-14.681454586480713,-15.210551244643533,-15.76114383086347,-16.332722621869557,-16.923827006730708,-17.53156124315805,-18.15092328021627,-18.773922880502745,-19.38852624443695,-19.97760836489895,-20.518355351401098,-20.982893861437056,-21.341079597876945,-21.565841839216766,-21.639927462732867,-21.561116640336344,-21.342944963371426,-21.01048306214118,-20.593668803478135,-20.121383156340713,-19.61795818507158,-19.102047410609526,-18.586979828659164,-18.08174274807776,-17.59206179184707,-17.12133791440963,-16.671375115958618,-16.242911809113963,-15.835994636619674,-15.450235233740322,-15.08498366107834,-14.739443987270695,-14.41275031833136,-14.104016044606071,-13.812365075698041,-13.53695103101443,-13.276968425769732,-13.031658579495268,-12.800312084661034,-12.582269071662253,-12.376918099999102,-12.183694230662676,-12.002076648778445,-11.831586079663081,-11.671782156239079,-11.522260838158694,-11.382651944183582,-11.252616833365753,-11.131846253311043,-11.020058362503535,-10.916996926433571,-10.822429682801406,-10.736146868472984,-10.657959899529303,-10.58770019525642,-10.52521813698047,-10.470382153063868,-10.423077922011672,-10.383207686401112,-10.350689671182904,-10.325457600772541,-10.30746031022911,-10.29666144669578,-10.293039258142343,-0.9810600916992072,-1.648139884577663,-0.8527221643791747,1.9829293769418765,1.1363244703289461,1.1979242371842347
-5.9710838028989635,-5.973135182841145,-5.979215238832367,-5.989329828201198,-6.003488722960755,-6.021705647867356,-6.043998334070188,-6.070388588773144,-6.100902381459491,-6.135569947366858,-6.174425909046024,-6.21750941699431,-6.264864310525221,-6.316539300223162,-6.372588173538287,-6.43307002530518,-6.498049515224208,-6.567597154629978,-6.6417896251928985,-6.720710132562928,-6.804448798376377,-6.893103094515069,-6.986778324041353,-7.085588153844239,-7.1896552047334055,-7.29911170552533,-7.41410021859679,-7.534774445457526,-7.661300122141527,-7.793856015665346,-7.932635034488528,-8.077845467878703,-8.229712371383084,-8.38847911829989,-8.554409140200178,-8.727787883256994,-8.908925011496102,-9.098156893207072,-9.295849412780791,-9.502401157323325,-9.718247035705135,-9.943862397419457,-10.179767729917948,-10.426534026109362,-10.684788928508379,-10.955223772995444,-11.238601672852056,-11.535766801622515,-11.847655049296222,-12.175306236278416,-12.519878066277851,-12.882661969447673,-13.265100907605692,-13.668809043076262,-14.095592839145251,-14.547472534822157,-15.02670179055944,-15.535781223891165,-16.077457802483096,-16.65469528988259,-17.270588700105122,-17.92817360461186,-18.6300414164659,-19.377601747562938,-20.169715080437904,-21.000242085075605,-21.853868037170095,-22.69964426641183,-23.482951199474336,-24.12074703981463,-24.511862541019383,-24.573080676183018,-24.285343424436498,-23.706217335757227,-22.934318173963707,-22.064020079023695,-21.16335827558337,-20.273479733263752,-19.41613470419292,-18.601135412439888,-17.831575685980372,-17.107010793980493,-16.425268395762693,-15.783440286175988,-15.178408494529002,-14.607113352720571,-14.066680785479672,-13.554473942486162,-13.06810507710269,-12.605427378064851,-12.164517499685516,-11.743654574885575,-11.341298746495962,-10.956070732123017,-10.586733103244342,-10.23217350835064,-9.891389834092436,-9.563477182536776,-9.247616493068282,-8.943064623733527,-8.649145711694752,-8.365243646237651,-8.090795505100957,-7.825285822866901,-7.568241577290915,-7.319227795069869,-7.0778436924095995,-6.843719277846603,-6.616512355219051,-6.395905873632669,-6.1816055789067885,-5.9733379274911815,-5.770848229375607,-5.573898991216297,-5.382268434901718,-5.195749170182257,-5.014147002887308,-4.837279862725963,-4.664976836781028,-4.4970772966149175,-4.333430108457699,-4.173892917280545,-4.018331496705789,-3.8666191576951685,-3.7186362098137122,-3.5742694696083452,-3.4334118112838743,-3.295961755418661,-3.1618230919500463,-3.0309045340853085,-2.9031194001664766,-2.7783853208436593,-2.6566239691980513,-2.5377608117079893,-2.42172487817335,-2.3084485489096407,-2.197867357696403,-2.089919809118065,-1.9845472090713792,-1.8816935073345182,-1.7813051512005957,-1.6833309492739548,-1.5877219446134183,-1.4944312964828155,-1.4034141700376959,-1.3146276333382703,-1.2280305611336586,-1.1435835449118454,-1.0612488087541847,-0.98099013057327,-0.9027727683489737,-0.8265633910101549,-0.7523300136386826,-0.6800419366992807,-0.6096696890225782,-0.5411849742906683,-0.4745606207943286,-0.40977053424890564,-0.34678965347244606,-0.2855939087443404,-0.22616018267650043,-0.16846627344135864,-0.11249086021237163,-0.058213470683043195,-0.0056144505398619425,0.04532506522658881,0.0946231792803062,0.14229725726885353,0.18836395161649197,0.2328392238690975,0.27573836567269117,0.31707601846227085,0.3568661919325817,0.3951222813579811,0.4318570838243575,0.46708281343206365,0.5008111155252106,0.5330530799991948,0.5638192537351516,0.5931196522069616,0.6209637703036316,0.6473605924071455,0.6723186017633487,0.695845789181027,0.7179496610919746,0.7386372470027386,0.7579151063665281,0.775789334901793,0.7922655703820418,0.8073489979195145,0.8210443547636131,0.8333559346330637,0.8442875915991938,0.8538427435359497,0.8620243751506174,0.8688350406076129,0.8742768657561133,0.8783515499706761,0.8810603676124997,0.882404169117399,0.8823833817150223,0.8809980097823495,0.8782476348330066,0.8741314151423332,0.8686480850067204,0.8617959536342019,0.8535729036616763,0.8439763892927239,0.8330034340483622,0.8206506281215475,0.8069141253246487,0.7917896396175389,0.7752724412022737,0.7573573521687781,0.7380387416740903,0.7173105206361869,0.6951661359215098,0.6715985640034682,0.6466003040674227,0.6201633705355746,0.5922792849832272,0.562939067415778,0.5321332268735267,0.4998517513291948,0.46608409684051605,0.43081917591773405,0.39404534506324285,0.3557503914376087,0.3159215186032744,0.27454533129402997,0.23160781915482928,0.1870943393929707,0.14098959827753585,0.09327763141998693,0.043941782764083864,-0.007035317791568381,-0.05967177822031024,-0.11398646973124638,-0.16999905376408703,-0.22773001071565357,-0.2872006705060726,-0.34843324510064,-0.41145086311205237,-0.4762776066172024,-0.5429385503330183,-0.6114598033072794,-0.6818685532926614,-0.7541931139859103,-0.8284629753289646,-0.904708857085206,-0.982962765922133,-1.0632580562515128,-1.1456294950999566,-1.2301133313070527,-1.3167473693747376,-1.4055710483211108,-1.496625525924462,-1.5899537687794147,-1.6856006486271262,-1.7836130454660226,-1.8840399579989608,-1.9869326220277994,-2.0923446374678747,-2.2003321047231275,-2.310953771239504,-2.4242711891398017,-2.5403488849391884,-2.6592545424485063,-2.781059200093586,-2.9058374640152933,-3.0336677384687043,-3.164632475213678,-3.298818443785451,-3.436317024756562,-3.5772245283540363,-3.721642541083132,-3.869678303336226,-4.021445121338667,-4.177062817210629,-4.336658221412874,-4.500365712405722,-4.668327808995892,-4.840695821589595,-5.017630569429081,-5.199303171882788,-5.385895923011153,-5.577603259967415,-5.774632837349337,-5.977206721433166,-6.185562720341497,-6.399955868678628,-6.620660088076392,-6.847970048508149,-7.082203259242671,-7.3237024230301575,-7.572838092666792,-7.830011675616641,-8.095658840042642,-8.370253384589029,-8.65431164474539,-8.948397520775131,-9.253128226120603,-9.569180870898467,-9.89730001232964,-10.238306322019826,-10.593106537431646,-10.962704878755227,-11.348216117292049,-11.750880467662007,-12.172080426274567,-12.61335956190109,-13.076443026711457,-13.563259102028816,-14.075960252086784,-14.616940626772303,-15.188844182384623,-15.794552584440071,-16.437133012880658,-17.119709635025522,-17.845193003031884,-18.615748962047405,-19.431797362444936,-20.290183531402867,-21.180968048508948,-22.0821612121783,-22.95221620673642,-23.722550247576457,-24.29830432982852,-24.58091307075092,-24.513735533385073,-24.117192253693407,-23.475404788884347,-22.689664081096982,-21.842675507298548,-20.988642179424836,-20.15818474309974,-19.366401192117483,-18.619299417752874,-17.917942974137645,-17.260879875665868,-16.6454959933279,-16.06874433765083,-15.527524883436003,-15.01887242997924,-14.540040512197429,-14.08853001468316,-13.662089240706724,-13.258700072408285,-12.876558157115706,-12.514051343990811,-12.169738541046174,-11.842330030216564,-11.530669660896516,-11.233719013547287,-10.95054345751259,-10.680299949358885,-10.422226389273927,-10.17563235032296,-9.939891005696403,-9.714432095238713,-9.498735790556832,-9.292327335778975,-9.094772357543055,-8.90567275261178,-8.724663074533144,-8.551407352057579,-8.385596281732294,-8.226944745395542,-8.075189610369929,-7.930087776173682,-7.791414436686694,-7.658961531058753,-7.53253636034855,-7.411960350033755,-7.297067941219806,-7.187705595670603,-7.0837309017481696,-6.985011770032337,-6.891425708837787,-6.802859171091395,-6.7192069651074515,-6.640371722727699,-6.566263419099271,-6.496798939063881,-6.431901685742309,-6.371501227431566,-6.315532979399801,-6.263937917575043,-6.216662321486424,-6.1736575441376065,-6.13487980677729,-6.100290016786394,-6.069853607129884,-6.043540396027181,-6.02132446568195,-6.003184059082796,-5.989101494043513,-5.979063093797409,-5.973059133596892,-5.971083802898967,-1.8503004515609474,-1.3848651474049851,-1.4796434553201512,0.8278735515260518,1.2703864478807794,1.4441039390056114
-4.240514138794308,-4.243374780228788,-4.251820804257763,-4.26586449816463,-4.285526306795467,-4.310834906791133,-4.341827310548371,-4.378549000259877,-4.421054092450537,-4.469405533468113,-4.523675326391846,-4.583944789779116,-4.650304848561538,-4.722856357206309,-4.801710454947591,-4.886988952428433,-4.978824748427443,-5.077362274410644,-5.182757963361793,-5.295180737591243,-5.414812507853405,-5.541848672917897,-5.676498604475931,-5.818986096570351,-5.969549751149118,-6.128443261234934,-6.2959355397475285,-6.4723106240998005,-6.6578672628291615,-6.852918058738021,-7.057788000652775,-7.272812159444313,-7.498332248713706,-7.734691650393163,-7.982228372465315,-8.24126522988287,-8.512096307959933,-8.79496846509673,-9.090056242537148,-9.397428058460212,-9.717000965852293,-10.048480563702018,-10.391281931401595,-10.744426860895945,-11.10641251039006,-11.47504749630863,-11.847254399392494,-12.218844259471602,-12.584280945956287,-12.936473313531598,-13.266661002041376,-13.564490672362197,-13.818398752921288,-14.016398106721235,-14.147280131438924,-14.202084855584358,-14.175511167432493,-14.066847867165125,-13.880104012494172,-13.62329101282061,-13.307110700430997,-12.943461806321721,-12.544134679757,-12.119896964881073,-11.679999109374396,-11.232019671782377,-10.781934503901379,-10.334305124257847,-9.892511150731751,-9.458981355789838,-9.035400403836304,-8.622882749616235,-8.222113234672504,-7.833457764473639,-7.4570488234458665,-7.092850664617481,-6.740708503369452,-6.4003853401114075,-6.071589328453266,-5.753993977262535,-5.447252952819335,-5.151010829474774,-4.864910810827753,-4.588600192375145,-4.32173414541438,-4.063978257348565,-3.815010154576469,-3.5745204522462948,-3.342213213669135,-3.1178060560542518,-2.9010300046114876,-2.6916291710814733,-2.4893603132411726,-2.2939923172727315,-2.105305633866876,-1.9230916906541724,-1.747152297338995,-1.5772990552451474,-1.4133527794862388,-1.255142939362031,-1.102507120637294,-0.9552905119196908,-0.8133454162942831,-0.6765307886014469,-0.544711798191415,-0.4177594165986749,-0.2955500293126763,-0.17796507064616834,-0.06489068059622705,0.04378261746294427,0.1481602194350927,0.248343724676531,0.34443120283500406,0.43651744445748675,0.5246941964227463,0.6090503832003799,0.689672314880861,0.7666438828627649,0.840046744025109,0.9099604941556094,0.9764628313499577,1.0396297100438936,1.099535486288665,1.1562530548317407,1.2098539785186544,1.2604086104880445,1.3079862095910146,1.3526550494269869,1.3944825213517817,1.4335352317793024,1.4698790940658721,1.5035794152358404,1.5347009777784644,1.563308116719179,1.5894647921429366,1.6132346573234255,1.6346811225895825,1.6538674150394974,1.6708566341919695,1.6857118036472647,1.6984959188109805,1.709271990718508,1.7181030859822335,1.725052362869334,1.730183103504799,1.7335587421822887,1.7352428897543828,1.7352993540639963,1.7337921563700174,1.73078554371281,1.7263439971590548,1.7205322358605202,1.7134152168579606,1.7050581305592893,1.6955263918207177,1.6848856265607062,1.673201653839325,1.6605404633401646,1.6469681881982483,1.6325510731255557,1.6173554377958808,1.6014476354626297,1.5848940067972996,1.567760828952106,1.5501142598682984,1.5320202778713368,1.5135446166159072,1.4947526954671768,1.475709545429794,1.4564797307629749,1.4371272664479664,1.4177155317035617,1.398307179775613,1.378964044257306,1.3597470422285505,1.3407160745341256,1.3219299235516027,1.303446148830603,1.2853209810146424,1.267609214484985,1.2503640991924039,1.2336372321668474,1.217478449216642,1.2019357173472178,1.1870550284444545,1.1728802947789125,1.1594532468942833,1.1468133344460556,1.1349976305542335,1.1240407402271162,1.1139747134010893,1.1048289631244073,1.096630189390811,1.0894023091016594,1.083166392603419,1.07794060721059,1.0737401680833814,1.0705772967844582,1.0684611877907395,1.0673979831847586,1.0673907556960613,1.0684395002074696,1.0705411337836404,1.0736895042217414,1.0778754070662024,1.083086610972331,1.0893078912478074,1.0965210713471092,1.104705072042477,1.1138359679467065,1.1238870510181136,1.1348289006372634,1.1466294598083717,1.1592541170064412,1.1726657931641025,1.186825033270116,1.201690102034373,1.217217083062438,1.2333599809757525,1.250070825911542,1.2672997798391872,1.2849952441369004,1.303103967883779,1.3215711563374,1.3403405790855674,1.35935467738244,1.378554670203379,1.3978806585793702,1.4172717278000915,1.4366660471042692,1.4560009665066858,1.475213110442417,1.4942384679403595,1.5130124790693964,1.5314701174317036,1.5495459685077408,1.5671743036868326,1.5842891498453886,1.600824354361369,1.6167136454788789,1.631890687960165,1.6462891339839236,1.65984266926869,1.6724850544178929,1.6841501614990855,1.6947720058837983,1.7042847733864863,1.7126228427510006,1.7197208035413052,1.72551346949933,1.729935887437482,1.7329233417359986,1.7344113545166004,1.73433568156323,1.7326323040588734,1.729237416203828,1.7240874087760674,1.7171188486880777,1.708268454587199,1.6974730685377577,1.6846696238134973,1.6697951088178542,1.6527865271374291,1.6335808537210594,1.6121149871623788,1.5883256980485907,1.5621495733217403,1.533522956581118,1.5023818842368626,1.4686620174048564,1.432298569411957,1.3932262287581008,1.3513790773580594,1.3066905038602927,1.259093111813526,1.2085186224231523,1.1548977716091946,1.0981602010455391,1.0382343428257133,0.975047297364361,0.9085247041048422,0.8385906045625671,0.7651672971902557,0.6881751835055541,0.6075326048731634,0.5231556692829236,0.4349580674123383,0.34285087720715324,0.24674235615702675,0.14653772038607007,0.04213890962061698,-0.06655566295935567,-0.17965137703139591,-0.2972576886977432,-0.41948843243985595,-0.546462142616177,-0.6783023956640712,-0.8151381741444413,-0.9571042537076646,-1.1043416139475015,-1.2569978739287966,-1.4152277529000645,-1.5791935563029826,-1.749065686625978,-1.9250231778644271,-2.1072542512744983,-2.295956888646436,-2.4913394173536574,-2.693621098790323,-2.9030327082759024,-3.1198170897915825,-3.344229662636275,-3.576538848739354,-3.8170263782610867,-4.065987416342127,-4.32373043421525,-4.590576721743661,-4.866859403634757,-5.152921775208206,-5.449114711838805,-5.7557928239801415,-6.073308920376128,-6.402006197119769,-6.742207378805535,-7.09419978693306,-7.458214984737337,-7.834401231051189,-8.222786456347475,-8.623228851191916,-9.03535145854819,-9.45845647280517,-9.891414467277357,-10.332523891454137,-10.779337611118457,-11.228457183316303,-11.675303692061728,-12.113888429116448,-12.53662911964273,-12.934286754815991,-13.296126918600486,-13.610419612274745,-13.865354565414652,-14.050339951451267,-14.157480526606953,-14.182868203505034,-14.127279653870934,-13.99603457097746,-13.798066080897522,-13.544522672004668,-13.24731477986662,-12.917927779319804,-12.566645471058333,-12.202172156753807,-11.831557202218717,-11.460307719672493,-11.092593951558914,-10.731482348643219,-10.379158847709821,-10.037124597040002,-9.706358544062477,-9.387447838165405,-9.080689947427592,-8.786171288565953,-8.503827033367594,-8.233486174615653,-7.9749052277304795,-7.72779326448833,-7.491830384772195,-7.26668124725377,-7.052004894491144,-6.8474618081062255,-6.65271889966003,-6.467452967915326,-6.291353020926045,-6.124121761767164,-5.965476461824702,-5.815149389321728,-5.672887918532734,-5.5384544134369795,-5.411625955752727,-5.292193969405544,-5.179963780040548,-5.0747541380841765,-4.976396726269872,-4.884735666843506,-4.799627039393073,-4.720938417054623,-4.648548426468161,-4.582346335096475,-4.522231668225633,-4.468113857025642,-4.419911918377755,-4.3775541667055045,-4.340977957731132,-4.3101294638796706,-4.284963480940935,-4.2654432655535395,-4.251540403078054,-4.243234705465656,-4.24051413879431,-0.29543870417413576,-0.40585106800939275,-1.2328954683577813,1.790865972709821,1.1107732133929944,1.96868161141308
-7.0735964548749255,-7.076503030628116,-7.085133999018515,-7.09950291828394,-7.119632407341985,-7.14555424341609,-7.1773094994919475,-7.214948722519107,-7.258532153526064,-7.308129991062087,-7.363822699611733,-7.425701364840263,-7.4938680977106795,-7.568436489650823,-7.649532121022077,-7.737293125121668,-7.831870809799381,-7.9334303384344835,-8.042151471426083,-8.158229368401628,-8.281875449907115,-8.41331831522319,-8.552804709898947,-8.700600532260491,-8.85699186205501,-9.02228598587292,-9.196812382140832,-9.380923612039629,-9.574996039932692,-9.779430275375166,-9.994651185158478,-10.221107263458615,-10.459269064509789,-10.70962628630205,-10.972682933121389,-11.248949762143944,-11.538932911389711,-11.84311718186792,-12.161941865068801,-12.495766217808175,-12.844820633175797,-13.20913818758148,-13.588459543090385,-13.982102235397743,-14.388783498665248,-14.806384769220532,-15.231647573217904,-15.65979784533458,-16.084114145032913,-16.49549191960039,-16.882117038519024,-17.22944342328144,-17.520740982706194,-17.73846745301313,-17.866520834157534,-17.89301295238595,-17.812737860502637,-17.628362836870924,-17.349809440052983,-16.99210607915959,-16.57260587801364,-16.108498858879415,-15.615141065971855,-15.10525926802604,-14.588817554723576,-14.073269652575213,-13.563974943639883,-13.064639696177565,-12.577714152137089,-12.104720355661021,-11.646509176288816,-11.203455261801425,-10.775601668690562,-10.362765505585847,-9.964614209459683,-9.58072009636485,-9.210599029188202,-8.853737565935912,-8.509611800107143,-8.177700235250466,-7.857492392015592,-7.548494374920363,-7.25023228377451,-6.962254107027379,-6.684130555462328,-6.415455165619649,-6.1558439092238695,-5.904934477683881,-5.662385362194426,-5.427874814892907,-5.201099751177352,-4.981774634978712,-4.769630375565003,-4.564413254937904,-4.365883898051708,-4.173816293207412,-3.9879968665181282,-3.8082236119187014,-3.634305276519264,-3.466060599973617,-3.3033176057970643,-3.145912942115095,-2.9936912690723094,-2.8465046900217343,-2.7042122236046606,-2.5666793138885775,-2.4337773758334333,-2.305383373486821,-2.1813794284557146,-2.0616524563570677,-1.9460938291060856,-1.8345990610554437,-1.727067517148074,-1.6234021413888127,-1.5235092040752463,-1.4272980663546406,-1.3346809607921906,-1.24557278674557,-1.1598909194425446,-1.077555031752341,-0.9984869277280829,-0.9226103870772652,-0.8498510197905287,-0.7801361302263777,-0.7133945900111254,-0.649556719170314,-0.5885541749596969,-0.5303198479118546,-0.4747877646582571,-0.42189299712697603,-0.3715715777531145,-0.323760420373126,-0.2783972465052996,-0.23542051674736486,-0.1947693670485852,-0.1563835496377466,-0.12020337841073053,-0.08616967860164525,-0.05422374058018402,-0.024307277634801075,0.003637612383045434,0.02966848166432072,0.05384256339539446,0.07621679914491657,0.09684786276065716,0.1157921808431956,0.13310594985525662,0.14884514991856507,0.16306555534419648,0.17582274193739786,0.18717209111412958,0.1971687908635433,0.2058678335887535,0.21332401085731187,0.21959190509271334,0.22472587823925178,0.2287800574342977,0.2318083177249153,0.23386426186919512,0.23500119726739338,0.235272110073005,0.2347296365403011,0.23342603167154208,0.23141313523484547,0.22874233523189702,0.22546452890368776,0.22163008137189416,0.21728878202356866,0.21248979875711893,0.20728163021834795,0.20171205616626886,0.19582808611946292,0.18967590644493337,0.1833008260623778,0.17674722094768783,0.17005847762990955,0.16327693588604264,0.15644383084738217,0.14959923473996992,0.1427819984895033,0.13602969342805835,0.12937855334572015,0.12286341713491063,0.1165176722783644,0.1103731994336918,0.10446031836772732,0.09880773549264901,0.09344249325295444,0.0883899216077951,0.08367359184690937,0.07931527297029319,0.07533489085205017,0.07175049039744234,0.06857820088902745,0.06583220470323371,0.06352470956253435,0.061665924470975075,0.06026403946208227,0.05932520926837554,0.05885354100107605,0.05885108590690759,0.05931783524708174,0.06025172032092372,0.06164861663392911,0.0635023521875643,0.06580471984545375,0.06854549370865436,0.0717124494112856,0.07529138822689758,0.07926616485637271,0.08361871874935797,0.08832910879379019,0.09337555119206087,0.0987344603276543,0.10438049241312514,0.11028659169886601,0.11642403901236187,0.12276250238961657,0.12927008955422492,0.13591340199490992,0.1426575903895623,0.14946641112254908,0.1563022836424358,0.16312634840914667,0.16989852518290005,0.17657757141189684,0.18312114048143338,0.18948583959430662,0.19562728706003474,0.20150016877925297,0.20705829371916024,0.21225464818586492,0.21704144870999054,0.221370193372812,0.22519171141105238,0.22845621094983923,0.2311133247241652,0.2331121536603208,0.23440130819942118,0.23492894725552355,0.23464281471087395,0.23349027336022854,0.23141833622514885,0.2283736951674993,0.22430274673892125,0.21915161521000245,0.21286617272892508,0.20539205656473516,0.196674683394831,0.18665926059983906,0.17529079453182703,0.16251409572359427,0.14827378100770494,0.132514272513853,0.11517979351224027,0.09621436106865346,0.07556177547407543,0.05316560640768236,0.028969175787275606,0.0029155372552376858,-0.02505254775899208,-0.05499263746673728,-0.08696264071451949,-0.12102085163143547,-0.15722598802762344,-0.19563723365456415,-0.23631428445224323,-0.27931739892367247,-0.32470745279431473,-0.3725459981326732,-0.4228953271285264,-0.4758185407476281,-0.5313796225058256,-0.5896435176318577,-0.6506762179168369,-0.7145448525795981,-0.781317785511172,-0.8510647192985227,-0.9238568064680787,-0.9997667684335183,-1.0788690226800002,-1.1612398187691693,-1.2469573838060721,-1.3361020780708999,-1.4287565615858084,-1.5250059724604017,-1.6249381179391866,-1.7286436791608621,-1.8362164307333542,-1.9477534763301398,-2.0633555016232705,-2.183127045986807,-2.3071767945306974,-2.435617892160328,-2.568568281499308,-2.706151066662282,-2.848494905018717,-2.9957344292446395,-3.1480107021136776,-3.3054717066246377,-3.468272874192671,-3.636577653732182,-3.8105581245153446,-3.9903956556778803,-4.176281615131322,-4.368418130385176,-4.56701890332342,-4.772310080236961,-4.984531177275034,-5.20393605979322,-5.43079397163591,-5.665390606912272,-5.908029211918768,-6.159031697990869,-6.418739736497382,-6.687515793904422,-6.9657440464280596,-7.253831088317844,-7.552206312564476,-7.861321794049117,-8.18165143762319,-8.513689060066827,-8.857944945243307,-9.214940232125466,-9.585198246627243,-9.969231544475448,-10.367522959416153,-10.780498304928122,-11.208487505346303,-11.651669777282445,-12.10999700063059,-12.5830876185524,-13.070081432504466,-13.569443959382717,-14.078708644939775,-14.594148321649653,-15.110377726064721,-15.619912687766389,-16.11275612674666,-16.576150336184867,-16.994718329434374,-17.351270000411656,-17.628483908231885,-17.811400374804233,-17.890197196263777,-17.862317560817147,-17.73306322599946,-17.514383244910466,-17.22239903158597,-16.874637562803528,-16.487792365167103,-16.076364842662645,-15.652125588954128,-15.224141613690641,-14.799104399098443,-14.381765351419261,-13.975366475559863,-13.58201474840853,-13.202985026162995,-12.838954547667905,-12.490179340653508,-12.156624360610156,-11.838058171696574,-11.534121101743304,-11.244373860886842,-10.968331919558933,-10.705489578956868,-10.455336618783495,-10.217369621624304,-9.991099494390609,-9.776056284761772,-9.571792084061773,-9.377882586397401,-9.193927713909023,-9.019551602557218,-8.854402159570384,-8.698150343536886,-8.550489274681453,-8.411133251471492,-8.279816727015255,-8.156293282334719,-8.04033462178796,-7.931729607427023,-7.830283343001034,-7.73581631399396,-7.648163587043344,-7.567174069973702,-7.492709832241479,-7.4246454846424985,-7.362867616542519,-7.307274288556792,-7.257774578454638,-7.214288178045061,-7.176745038872835,-7.145085064692039,-7.119257848866107,-7.099222455055818,-7.08494723978866,-7.076409715748191,-7.0735964548749255,-0.6981612812297433,-1.5038634480199882,-1.6887755790499592,1.6547818226655573,0.9003456223004704,1.985876609580823
-7.770177375559423,-7.773219734703737,-7.7823351023412535,-7.7975358867069255,-7.818842827339191,-7.846285098701155,-7.879900456486189,-7.919735427904605,-7.965845547639665,-8.018295641568697,-8.077160160771372,-8.142523568794859,-8.214480785616123,-8.293137692236298,-8.378611700359022,-8.47103239214104,-8.570542235551983,-8.677297381428588,-8.791468548837418,-8.913242005838741,-9.04282065312733,-9.180425218246274,-9.326295568029312,-9.480692146484236,-9.643897544278916,-9.816218204039624,-9.997986262394718,-10.189561524490182,-10.391333558694715,-10.603723887147595,-10.827188229873544,-11.062218733780236,-11.309346079175073,-11.569141299973795,-11.842217071487244,-12.129228099810936,-12.430870072203483,-12.74787637321726,-13.08101139986782,-13.43105876707812,-13.798801904434384,-14.184993396708327,-14.590307761420124,-15.015269987477755,-15.460148844168655,-15.924799496074433,-16.40843430781398,-16.909294493865538,-17.42419061729401,-17.947882390419537,-18.47228963041939,-18.98558794374579,-19.471374102925253,-19.908304360287747,-20.270859230474805,-20.53195078633122,-20.66758265683598,-20.662521153508454,-20.5146155902411,-20.235447211618016,-19.84692667683393,-19.37574375589868,-18.84822320133603,-18.287078063465742,-17.710157576787378,-17.130548252475297,-16.557320570410038,-15.99644007909697,-15.451601103517977,-14.924898650821074,-14.417333587598353,-13.929176960487144,-13.460225852354228,-13.009979848372243,-12.577761096940549,-12.162795015460567,-11.764263848199354,-11.381341638583146,-11.013216550171862,-10.659104620903504,-10.318257751175004,-9.989967841667974,-9.673568389600666,-9.368434435886057,-9.073981470431944,-8.789663707216326,-8.51497200654396,-8.249431629738421,-7.992599948272528,-7.744064185978261,-7.503439243332393,-7.270365632642706,-7.044507539339417,-6.825551015486592,-6.613202305669046,-6.407186301609597,-6.207245119552834,-6.013136793144,-5.824634073906422,-5.641523331250218,-5.463603544069197,-5.290685376292674,-5.12259032917817,-4.959149963608194,-4.800205186154902,-4.645605593176966,-4.49520886769931,-4.348880224288878,-4.206491897573631,-4.067922670454781,-3.9330574384335115,-3.8017868068132845,-3.674006717849011,-3.54961810519613,-3.4285265732683397,-3.3106420993439083,-3.1958787564699147,-3.0841544554023614,-2.9753907039908456,-2.8695123825701545,-2.7664475340599983,-2.6661271675993263,-2.5684850746544887,-2.4734576566426574,-2.3809837632036754,-2.2910045403368366,-2.20346328769389,-2.1183053243875745,-2.035477862736089,-1.9549298894194251,-1.8766120535734925,-1.8004765613932863,-1.7264770768573632,-1.65456862822284,-1.584707519973726,-1.516851249935641,-1.4509584312972246,-1.386988719303425,-1.3249027424078905,-1.264662037691864,-1.2062289903748908,-1.1495667772588554,-1.0946393139612345,-1.0414112058062905,-0.9898477022543906,-0.9399146547595981,-0.8915784779545283,-0.8448061140690528,-0.7995650004960718,-0.7558230404230479,-0.7135485764526031,-0.6727103671393165,-0.6332775663726332,-0.5952197055380479,-0.5585066783900833,-0.5231087285713306,-0.48899643971201584,-0.4561407280439532,-0.4245128374618562,-0.39408433696339346,-0.364827120397424,-0.33671340844738323,-0.3097157527741833,-0.28380704223961545,-0.2589605111280967,-0.23514974928076773,-0.21234871405219913,-0.19053174399586037,-0.16967357418051315,-0.1497493530353656,-0.13073466061778205,-0.11260552819313194,-0.0953384590123105,-0.07891045016867744,-0.06329901541235713,-0.04848220879648108,-0.03443864902685417,-0.02114754438374174,-0.008588718082076972,0.003257366065381161,0.014409577818913819,0.024886094654508903,0.03470437601633572,0.0438811378168091,0.05243232732081517,0.060373098549266105,0.06771778833459835,0.07447989315785038,0.08067204689322054,0.08630599958149382,0.09139259734858406,0.0959417635795568,0.09996248145199343,0.10346277792541081,0.10644970927559257,0.10892934825446471,0.11090677294720933,0.11238605738897338,0.11337026399384514,0.11386143783864028,0.1138606028336227,0.11336775980176259,0.11238188647735473,0.11090093942395202,0.10892185786086767,0.10644056937663397,0.10345199749728028,0.09995007106689642,0.09592773538784832,0.09137696505825982,0.08628877843506522,0.08065325364204472,0.0744595460339729,0.06769590702015828,0.060349704143515634,0.05240744230486358,0.04385478601612845,0.03467658256112006,0.02485688593798445,0.014378981453678722,0.0032254108378616587,-0.008622002258947029,-0.02118212651951813,-0.03447449710415538,-0.04851928982303311,-0.0633372954743934,-0.07894989448557341,-0.09537903199234468,-0.1126471934902746,-0.1307773811893529,-0.1497930912004384,-0.16971829167899194,-0.19057740204803528,-0.21239527341868247,-0.23519717032269533,-0.2590087538674015,-0.2838560664193277,-0.3097655179185189,-0.33676387392156254,-0.3648782454670363,-0.3941360808531772,-0.4245651594137363,-0.4561935873742193,-0.4890497958674491,-0.5231625411841566,-0.5585609073315733,-0.5952743109706381,-0.6333325088003466,-0.6727656074563864,-0.7136040759900482,-0.7558787609930745,-0.799620904434102,-0.8448621642731523,-0.8916346379220905,-0.9399708886209981,-0.9899039748034387,-1.041467482527204,-1.0946955610519136,-1.1496229616501503,-1.2062850797455857,-1.2647180004790861,-1.3249585478125405,-1.3870443372903405,-1.451013832589615,-1.5169064060033686,-1.5847624030149818,-1.6546232111386283,-1.726531333218292,-1.8005304653979124,-1.8766655799976208,-1.9549830135554793,-2.0355305603216958,-2.1183575715223912,-2.2035150607435225,-2.2910558158226473,-2.381034517677026,-2.473507866542074,-2.5685347161439305,-2.6661762163855345,-2.7664959651866767,-2.8695601701863707,-2.9754378210907433,-3.0842008735327697,-3.195924445402132,-3.3106870267052173,-3.428570704128285,-3.5496614016018264,-3.6740491383029017,-3.801828305685773,-3.933097965301698,-4.067962169357195,-4.206530306169297,-4.348917472907048,-4.495244878264078,-4.645640277988315,-4.800238446504614,-4.959181688205312,-5.122620392354323,-5.2907136359523355,-5.463629839343451,-5.641547479805138,-5.824655868847842,-6.013155999449426,-6.2072614699475706,-6.407199491787763,-6.613211988740001,-6.825556795502374,-7.044508963728463,-7.270362183337367,-7.503430326330946,-7.744049119023978,-7.9925779462594795,-8.249401787362569,-8.514933277603058,-8.789614879817247,-9.073921137180115,-9.368360957898481,-9.673479852886777,-9.989862004043834,-10.318131977393657,-10.658955803068935,-11.013041009723917,-11.381135005157088,-11.764020909439736,-12.162509530376745,-12.577425563636153,-13.009585215048958,-13.4597611586367,-13.928628894946556,-14.416685948144483,-14.924131699927228,-15.450690824836473,-15.995357374535267,-16.556030501649282,-17.129009550066574,-17.70832283972186,-18.284895366107147,-18.845640162126227,-19.372715281503975,-19.843427057295052,-20.231485278998154,-20.51024812338695,-20.657856587438847,-20.66276866740592,-20.527147544003252,-20.26620950006273,-19.90391312025494,-19.467302902718057,-18.98186071899097,-18.468903448327847,-17.944818058593878,-17.42142085393508,-16.906789328451207,-16.406164246021273,-15.92273715178257,-15.458269624444284,-15.013552239469883,-14.588732639607604,-14.183544603078584,-13.797465386579457,-13.429822418570705,-13.079864783939533,-12.74681047789635,-12.42987709831921,-12.1283012799814,-11.841350516817053,-11.568329870799936,-11.30858527631134,-11.061504607045606,-10.826517301100619,-10.603093085280847,-10.3907401649677,-10.189003126005247,-9.997460712713801,-9.815723589634853,-9.643432155891237,-9.480254454603047,-9.325884201842108,-9.180038947518613,-9.042458372565317,-8.9129027215613,-8.7911513666478,-8.677001496625458,-8.570266924062611,-8.470777002794149,-8.378375648143685,-8.29292045241748,-8.214281888597647,-8.142342595637423,-8.076996739287521,-8.018149442928664,-7.965716283432242,-7.919622847605918,-7.8798043452967566,-7.846205275718152,-7.818779144036451,-7.797488225700318,-7.782303376421442,-7.773203886122511,-7.77017737555942,-0.6806515090054948,-1.912256128818894,-0.6006004021454738,1.4859806020796844,1.9613240841538557,0.8617463528864782
-6.084008745027686,-6.086555982487123,-6.094200449449606,-6.106950125388311,-6.1248183498940465,-6.147823883715969,-6.175990994943539,-6.209349571066147,-6.2479352578736815,-6.291789626400842,-6.340960369373837,-6.395501528892986,-6.4554737573833645,-6.520944614171543,-6.591988900404684,-6.66868903542343,-6.751135478138536,-6.839427197448256,-6.933672196276741,-7.033988094420219,-7.140502776065202,-7.253355108600309,-7.372695740188732,-7.498687984510386,-7.631508802129217,-7.771349889097367,-7.918418884677159,-8.072940711439458,-8.235159062472189,-8.40533805197616,-8.58376404708846,-8.770747700270254,-8.966626202888676,-9.171765781493193,-9.38656445839778,-9.611455097012062,-9.846908749125587,-10.093438314836792,-10.351602514206748,-10.622010150238095,-10.905324611222063,-11.202268510449027,-11.51362828293877,-11.840258437180808,-12.183084971731496,-12.543107176114535,-12.921396587360434,-13.31909118160218,-13.737381810844614,-14.177486242042134,-14.640603603825346,-15.127838124876964,-15.640075083841667,-16.177783003061194,-16.74070338244051,-17.327372379651898,-17.934400056808766,-18.555421769103997,-19.179660075944337,-19.790154752858726,-20.362035668626703,-20.861817246105062,-21.249419958461782,-21.484638882865987,-21.537709527041073,-21.399585945427326,-21.08545482895094,-20.62891925913054,-20.071010775858987,-19.45045441788492,-18.798471553163573,-18.137670028506708,-17.483157693071806,-16.844345961366905,-16.226651007322793,-15.632827313481982,-15.063921825101863,-14.519922628423707,-14.000186489952782,-13.503714834953398,-13.029328950643164,-12.575779345221292,-12.141812547889263,-11.726210612334306,-11.327813238601014,-10.945528924518918,-10.5783392815319,-10.225299176112815,-9.885534404680943,-9.558237992975918,-9.24266581118561,-8.93813193711527,-8.644004031929672,-8.359698884611914,-8.084678211608285,-7.818444753743494,-7.560538684632709,-7.310534327749764,-7.068037169265555,-6.832681148266603,-6.604126203365288,-6.382056053943291,-6.166176194619401,-5.9562120825378395,-5.75190749843276,-5.5530230639439875,-5.359334899217753,-5.170633406348367,-4.986722165660321,-4.807416933171494,-4.6325447288074715,-4.461943006052885,-4.295458894731206,-4.132948509506401,-3.974276317505449,-3.8193145591786837,-3.6679427171537093,-3.520047028405737,-3.3755200355711787,-3.2342601736780963,-3.0961713889639153,-2.961162786802838,-2.829148306077889,-2.700046417610333,-2.5737798445057507,-2.450275302495793,-2.3294632585496817,-2.2112777062038154,-2.095655956212662,-1.982538441262721,-1.8718685336146828,-1.763592374649538,-1.657658715392858,-1.554018767180085,-1.4526260617046467,-1.353436319761697,-1.256407328063855,-1.1614988235624961,-1.0686723847593351,-0.9778913295390359,-0.8891206190951338,-0.8023267675586183,-0.7174777569720435,-0.6345429572821792,-0.5534930510512986,-0.4742999626114891,-0.39693679140857685,-0.3213777493016326,-0.2475981016021921,-0.17557411165309667,-0.10528298876128536,-0.03670283931191194,0.03018737909728314,0.09540790065187642,0.15897819158813306,0.22091698786446468,0.28124233036211443,0.33997159773332597,0.39712153700907094,0.45270829207307095,0.5067474301036716,0.5592539660809084,0.6102423854519556,0.6597266650445845,0.707720292315071,0.7542362830139271,0.7992871973502668,0.8428851547331172,0.8850418471657951,0.9257685513673097,0.9650761396929586,1.0029750899243726,1.039475493997599,1.074587065736168,1.1083191476544836,1.1406807168953352,1.1716803903637927,1.2013264291181813,1.2296267420773066,1.2565888891015142,1.2822200835035282,1.3065271940433778,1.3295167464600197,1.3511949245903845,1.371567571124869,1.3906401880462314,1.4084179367969332,1.424905638217846,1.4401077722990485,1.4540284777812786,1.4666715516441426,1.4780404485148435,1.4881382800287222,1.4969678141702423,1.5045314746204477,1.510831340134289,1.5158691439682437,1.5196462733760827,1.5221637691875158,1.5234223254817376,1.5234222893647533,1.522163660856558,1.519646092891139,1.5158688914292768,1.5108310156812166,1.5045310784331143,1.4969673464683872,1.4881377410719376,1.4780398386025195,1.4666708711154097,1.4540277270149469,1.44010695171353,1.424904748271084,1.408416977986327,1.3906391609085254,1.3715664762360869,1.351193762565713,1.329515517953719,1.306525899748677,1.2822187241525063,1.2565874654650138,1.2296252549648037,1.2013248793776838,1.1716787788817289,1.1406790445964354,1.108317415501682,1.0745852747304843,1.039473645178036,1.0029731843678094,0.9650741785140586,0.9257665357184203,0.8850397782368533,0.8428830337515713,0.7992850255809892,0.7542340617591659,0.7077180229143591,0.6597243488747083,0.6102400239268952,0.5592515606518217,0.5067449822588642,0.45270580333799515,0.3971190089463284,0.33996903194269035,0.28123972848058865,0.22091435156631503,0.1589755225849922,0.095405200692837,0.030184649969017315,-0.036705595784981136,-0.10528577071681725,-0.17557691719060717,-0.24760092878281373,-0.3213805961478102,-0.396939655903755,-0.4743028426997178,-0.5534959446368238,-0.634545862228958,-0.717480671103175,-0.8023296886557727,-0.8891235448978331,-0.9778942577439103,-1.0686753130192501,-1.161501749485611,-1.2564102492125448,-1.3534392336513874,-1.4526289658024787,-1.5540216589034581,-1.6576615921078237,-1.763595233668969,-1.8718713721962863,-1.9825412566068203,-2.095658745459751,-2.211280466431817,-2.3294659867709484,-2.4502779956537517,-2.573782499471187,-2.700049031177299,-2.829150874959146,-2.961165307624807,-3.096173858261081,-3.234262587886781,-3.3755223910226704,-3.52004932131859,-3.667944943625263,-3.8193167151755762,-3.9742783988530697,-4.1329505118771594,-4.295460813631405,-4.461944836808111,-4.632546466546248,-4.807418572806937,-4.986723701869675,-5.170634833549947,-5.359336211545064,-5.553024255216565,-5.751908562123283,-5.956213011734971,-6.166176981985611,-6.382056691667113,-6.604126683106916,-6.832681461095895,-7.06803730559114,-7.310534277237837,-7.560538436113696,-7.818444295104489,-8.084677529668859,-8.359697964980157,-8.644002858834908,-8.93813049321315,-9.24266407733032,-9.558235947953245,-9.885532024894669,-10.225296435215526,-10.57833614998955,-10.945525369096716,-11.327809221756402,-11.726206091501394,-12.141807474638494,-12.57577366427969,-13.029322598766823,-13.503707739658202,-14.000178568139901,-14.519913784996152,-15.06391195177985,-15.632816288228085,-16.22663869514598,-16.844332217885388,-17.483142373196007,-18.13765300403301,-18.79845274473332,-19.450433847550105,-20.070988643277325,-20.6288960313425,-21.085431305991456,-21.399563232828108,-21.53768885534834,-21.484621307228014,-21.249406091665996,-20.861807177535155,-20.36202907743445,-19.79015110197279,-19.179658778138325,-18.555422284989397,-17.934401934484292,-17.327375259684178,-16.740706987241627,-16.177787121672207,-15.640079557218069,-15.127842833493094,-14.640608457890679,-14.177491174033975,-13.737386769906198,-13.319096129373612,-12.921401494883604,-12.54311202153319,-12.183089738577248,-11.84026311309037,-11.513632858689265,-11.202272979228754,-10.905328968076207,-10.622014391645267,-10.351606637753878,-10.093442318968147,-9.846912632948287,-9.611458860144644,-9.38656810085188,-9.171769303580719,-8.966629605148803,-8.770750983411837,-8.583767211944476,-8.405341099467641,-8.235161993579599,-8.072943527179978,-7.918421586086662,-7.771352477216068,-7.631511277990331,-7.498690349131124,-7.37269799456318,-7.253357253693861,-7.140504812810158,-7.033990023712379,-6.933674018972763,-6.839428914363657,-6.751137090046159,-6.668690543052311,-6.591990304439252,-6.520945915251043,-6.45547495610146,-6.395502625797547,-6.34096136496681,-6.291790521138204,-6.247936052165466,-6.209350265276497,-6.175991589390781,-6.147824378672726,-6.124818745587325,-6.106950421999588,-6.0942006471149215,-6.0865560812971236,-6.0840087450276865,-0.4931540827799299,-1.879218114067635,-0.7867045453645933,1.1357567977315872,1.9823325447716125,0.9502275331369324
-24.630858226524587,-24.6348312503568,-24.646758625999375,-24.666669842424717,-24.694614319374036,-24.73066182034013,-24.774903040855417,-24.827450382555995,-24.888438927011443,-24.958027627256012,-25.03640073946316,-25.123769522430802,-25.22037423868298,-25.326486498284492,-25.44241199520615,-25.568493696646183,-25.705115558583525,-25.85270685662005,-26.01174724064216,-26.18277264600647,-26.36638222413906,-26.563246493340394,-26.774116958443056,-26.999837508711472,-27.241357980860975,-27.499750373383442,-27.77622832615572,-28.072170644236152,-28.38914985792585,-28.72896708639007,-29.093694825585263,-29.485729729517587,-29.9078580079464,-30.363336713155178,-30.855994862963996,-31.39035882381772,-31.971806059987298,-32.60674873987757,-33.3028400650731,-34.06917236927953,-34.91637404931623,-35.85635391111096,-36.90103730092565,-38.058414590449935,-39.321744961468745,-40.642785359010134,-41.8768168511767,-42.72262671940496,-42.815668177958145,-42.07490166954134,-40.804283480640045,-39.35504418100285,-37.925289974601256,-36.59067603568032,-35.36879701028582,-34.25521466860884,-33.23872982753067,-32.30716366665516,-31.449326709208016,-30.655533927824653,-29.91759443886181,-29.228634343078248,-28.58288765076487,-27.97550262016649,-27.402376849599584,-26.860021788450933,-26.34545312686769,-25.856102612811156,-25.38974713061406,-24.94445151586679,-24.51852225356805,-24.11046979880942,-23.718977745771955,-23.34287745726047,-22.981127068963115,-22.632794016804635,-22.297040416935893,-21.9731107681493,-21.660321555342392,-21.35805241741057,-21.06573860924354,-20.782864539598048,-20.508958207762284,-20.243586394584796,-19.986350489492967,-19.736882856014045,-19.49484365514181,-19.2599180595176,-19.031813802478435,-18.810259015081606,-18.595000311649287,-18.385801090503648,-18.18244002163515,-17.98470969726102,-17.79241542474712,-17.605374144310208,-17.42341345639182,-17.246370745681247,-17.07409239053009,-16.906433047999485,-16.743255006056824,-16.584427595528364,-16.42982665534771,-16.279334045441633,-16.132837202285483,-15.990228732756574,-15.851406042430462,-15.716270994913108,-15.584729599191665,-15.45669172232693,-15.332070825107438,-15.210783718545464,-15.092750339323855,-14.977893542503368,-14.866138909977353,-14.757414573316996,-14.651651049788757,-14.548781090447967,-14.448739539321764,-14.35146320279091,-14.25689072836662,-14.164962492135198,-14.075620494211993,-13.98880826160787,-13.904470757966196,-13.822554299678032,-13.743006477927333,-13.665776086258223,-13.590813053292035,-13.518068380254434,-13.447494083002077,-13.37904313826466,-13.31266943384205,-13.248327722517825,-13.185973579469932,-13.125563362976953,-13.06705417823432,-13.010403844109435,-12.955570862677568,-12.902514391392405,-12.851194217755847,-12.801570736361107,-12.753604928192317,-12.707258342071333,-12.662493078149879,-12.619271773351322,-12.577557588672262,-12.537314198259219,-12.498505780180178,-12.461097008815049,-12.42505304879246,-12.390339550403652,-12.356922646426906,-12.324768950298505,-12.293845555568087,-12.264120036578268,-12.235560450309798,-12.20813533933468,-12.181813735820967,-12.15656516653343,-12.132359658775254,-12.109167747216095,-12.08696048155242,-12.065709434946042,-12.045386713186963,-12.025964964526734,-12.00741739012825,-11.989717755078058,-11.972840399906966,-11.95676025256462,-11.94145284079358,-11.926894304848307,-11.913061410504312,-11.899931562302754,-11.887482816975655,-11.875693896997143,-11.864544204206043,-11.854013833445748,-11.84408358616734,-11.834734983942594,-11.825950281834118,-11.817712481570535,-11.810005344475663,-11.802813404101533,-11.796121978516396,-11.7899171822002,-11.784185937501505,-11.778915985611576,-11.774095897013021,-11.769715081362683,-11.76576379677022,-11.76223315843648,-11.759115146618008,-11.756402613886651,-11.75408929165593,-11.752169795948753,-11.75063963238383,-11.749495200361327,-11.748733796431347,-11.74835361683199,-11.748353759187095,-11.748734223356937,-11.749495911438608,-11.750640626915985,-11.752171072962724,-11.754090849904896,-11.7564044518532,-11.759117262517979,-11.76223555022351,-11.76576646214093,-11.769718017762521,-11.774099101642722,-11.778919455434247,-11.7841896692503,-11.78992117238655,-11.796126223438815,-11.802817899854912,-11.810010086961093,-11.817717466505592,-11.825955504763591,-11.834740440249645,-11.844089271085023,-11.854019742068937,-11.864550331503658,-11.875700237824706,-11.8874893660881,-11.899938314367493,-11.913068360114547,-11.926901446536483,-11.94146016904506,-11.956767761831443,-11.972848084621763,-11.989725609668023,-12.0074254090292,-12.025973142197175,-12.045395044122198,-12.065717913692263,-12.0869691027208,-12.10917650549679,-12.132368548951394,-12.156574183495012,-12.181822874578653,-12.20814459503352,-12.23556981824281,-12.264129512199931,-12.293855134507652,-12.324778628373247,-12.356932419655177,-12.390349415017806,-12.425063001251663,-12.461107045817919,-12.498515898677308,-12.537324395465564,-12.577567862079391,-12.619282120739566,-12.66250349760039,-12.707268831978018,-12.75361548727372,-12.801581363672232,-12.851204912699927,-12.902525153732686,-12.95558169254905,-13.010414742030715,-13.067065145119416,-13.1255744001473,-13.18598468866648,-13.248338905913279,-13.312680694053373,-13.379054478365786,-13.447505506536963,-13.518079891250439,-13.590824656273755,-13.665787786261774,-13.743018280515182,-13.822566210954463,-13.904482784593469,-13.98882041082317,-14.075632773845278,-14.164974910628011,-14.256903294792023,-14.351475926874624,-14.448752431464717,-14.548794161750305,-14.65166431207557,-14.757428039165905,-14.866152592748145,-14.977907456369941,-15.092764499308677,-15.210798140556857,-15.332085525979997,-15.456706719865336,-15.584744912218403,-15.716286643320425,-15.851422047237067,-15.990245116169623,-16.132853987768467,-16.279351257788836,-16.42984432076598,-16.58444574172721,-16.743273662347683,-16.906452245405397,-17.07411216190706,-17.246391125852817,-17.423434482298582,-17.60539585517614,-17.792437862265285,-17.984732905801014,-18.182464048475666,-18.385825986093558,-18.59502612990166,-18.81028581370561,-19.031841643354955,-19.259947009125646,-19.494873785043968,-19.736914243410922,-19.98638321785847,-20.243620554396603,-20.508993897344947,-20.78290186609964,-21.06577768977194,-21.358093380360916,-21.66036454195527,-21.973155934348426,-22.297087935506852,-22.632844079992054,-22.98117989158477,-23.342933280464667,-23.719036841601028,-24.110532475782094,-24.51858886355986,-24.94452246266011,-25.389822880615846,-25.856183708614708,-26.345540204587433,-26.86011560012117,-27.402478292456433,-27.975612775410056,-28.583007835562597,-29.22876618133152,-29.917739958952154,-30.655695699705902,-31.449508039580756,-32.307368880528486,-33.23896467785542,-34.25548693044406,-35.36911731613744,-36.591058925797924,-37.925754714871736,-39.35561330385886,-40.80497227625364,-42.07568511001773,-42.816434973180506,-42.72322168588481,-41.8771815213265,-40.64296823926317,-39.32181429939819,-38.05841899763394,-36.90100564560438,-35.85630256621619,-34.916312307967196,-34.069105587043694,-33.30277138066795,-32.606680016304765,-31.971738408797357,-31.390292904381898,-30.855931057670517,-30.363275232430745,-29.90779895456479,-29.485673138711213,-29.093640690454396,-28.728915374199318,-28.389100520651617,-28.072123625431374,-27.776183565424017,-27.49970780928441,-27.241317552777147,-26.999799158023556,-26.774080629242714,-26.56321213283391,-26.366349782844924,-26.18274207781682,-26.01171850279579,-25.852679909619543,-25.705090366078704,-25.568470225299315,-25.44239021454906,-25.326466380574757,-25.2203557587638,-25.12375265759764,-25.03638546933907,-24.95801393367685,-24.888426793921568,-24.827439795914863,-24.774893988555036,-24.730654292133355,-24.694608306813596,-24.666665338812766,-24.64675562634738,-24.63482975135561,-24.63085822652459,-0.9880535949254006,-1.934755230932735,-0.026778609914517304,1.3081212083833813,0.6319229258557146,0.7083927992138199
-5.296958615484414,-5.299479894157154,-5.307044816654654,-5.319661629987938,-5.337344118927838,-5.360111666437833,-5.387989338967696,-5.4210079973079415,-5.459204433919407,-5.502621537877015,-5.55130848880522,-5.605320981437388,-5.664721482705032,-5.729579523559075,-5.79997202804709,-5.875983682521162,-5.957707348234383,-6.045244521003403,-6.138705842073295,-6.238211664822676,-6.343892682493422,-6.455890622722441,-6.57435901529174,-6.699464040194267,-6.83138546382912,-6.970317671876002,-7.116470808131707,-7.27007202928248,-7.431366886176926,-7.600620842565624,-7.778120942353832,-7.964177635977368,-8.159126775272318,-8.363331783747117,-8.577186004868626,-8.80111522394692,-9.035580348139332,-9.281080212078617,-9.538154450853462,-9.807386343399338,-10.089405471692313,-10.38488995544563,-10.694567894872726,-11.019217465527088,-11.359664829469423,-11.716778611611895,-12.091459072918258,-12.484619195377611,-12.897153534398518,-13.329888688387097,-13.783506303307053,-14.258425319400075,-14.754624309847856,-15.271377079217663,-15.806865754438286,-16.357628047144456,-16.9177966102122,-17.47811536868874,-18.024802346225076,-18.53851618152825,-18.99399989570677,-19.36132412206795,-19.609662701173686,-19.713619204477077,-19.660194498433995,-19.452939408100896,-19.11077466387689,-18.662223304571302,-18.138344057244254,-17.567369199284116,-16.972074280039273,-16.36933371921411,-15.770855545666095,-15.1843072796682,-14.614406280600804,-14.063811576060655,-13.533792961168562,-13.024708592093713,-12.536335543843503,-12.068093972240293,-11.619196842566632,-11.188748619190727,-10.775809387104115,-10.379435750283733,-9.998706224267348,-9.63273633626047,-9.28068694109337,-8.941768108777401,-8.615240162868691,-8.300412926191976,-7.996643878625984,-7.703335694611288,-7.419933468240827,-7.145921826047018,-6.88082205501111,-6.624189324531581,-6.375610048440054,-6.134699411467295,-5.901099070324111,-5.674475030382408,-5.454515693188994,-5.240930066604095,-5.0334461274650755,-4.831809325810433,-4.635781219502718,-4.445138228316994,-4.25967049704831,-4.079180857824809,-3.9034838825183114,-3.7324050168717426,-3.565779788681198,-3.4034530830602447,-3.2452784784637707,-3.091117637752483,-2.9408397491347986,-2.7943210123306357,-2.6514441657631553,-2.512098051002039,-2.376177211059213,-2.243581519477231,-2.1142158374560496,-1.9879896965380615,-1.8648170046173875,-1.7446157732603274,-1.6273078645217665,-1.5128187556200936,-1.401077319992434,-1.2920156233949942,-1.1855687338415812,-1.0816745442886102,-0.980273607078263,-0.881308979244591,-0.7847260778708064,-0.6904725447612813,-0.5984981197593573,-0.5087545221030347,-0.42119533926539343,-0.3357759227760588,-0.252453290564554,-0.17118603540639446,-0.09193423908916276,-0.014659391948228528,0.06067568254873949,0.13410689846282994,0.20566897356097769,0.27539549125808316,0.34331895855372174,0.40947086017566775,0.47388170912666305,0.5365810938168557,0.5975977219517471,0.6569594613339973,0.7146933777275134,0.770825769922998,0.8253822021362287,0.8783875338629965,0.9298659473083847,0.9798409725023189,1.028335510208368,1.0753718527283498,1.1209717027014428,1.1651561899930842,1.2079458867659765,1.249360820822911,1.289420487308951,1.328143858858327,1.3655493942699624,1.401655045793775,1.4364782651087713,1.4700360080726371,1.5023447383214856,1.533420429797527,1.5632785682813444,1.591934152004675,1.6194016914186982,1.6456952081918341,1.6708282335102618,1.694813805753184,1.7176644676139823,1.739392262737062,1.760008731939017,1.7795249090813225,1.7979513166602157,1.8152979611777689,1.83157432835634,1.8467893782565645,1.8609515403570298,1.8740687086512522,1.8861482368153295,1.8971969334968661,1.9072210577730049,1.9162263148223833,1.9242178518528057,1.9312002543230582,1.9371775424939335,1.9421531683399524,1.9461300128496637,1.9491103837385637,1.9510960135948638,1.9520880584743818,1.952087096956792,1.951093129671456,1.9491055792969367,1.9461232910341908,1.9421445335493395,1.9371670003778216,1.9311878117776429,1.9242035170155218,1.9162100970656266,1.9072029676969202,1.8971769829212168,1.886126438770438,1.8740450773680664,1.8609260912562866,1.8467621279370727,1.8315452945824482,1.815267162865989,1.7979187738650002,1.7794906429800799,1.759972764816343,1.7393546179682011,1.717625169647568,1.6947728800932416,1.6707857066975407,1.6456511077844282,1.6193560459720338,1.5918869910508433,1.563229922307827,1.5333703302253066,1.5022932174825796,1.4699830991870722,1.4364240022609909,1.4015994639085338,1.3654925290877042,1.3280857469100635,1.2893611658906519,1.2493003279694503,1.2078842612246072,1.1650934711965104,1.1209079307404348,1.0753070683240036,1.0282697546839794,0.9797742877548653,0.9297983757797044,0.8783191185106164,0.8253129864039199,0.7707557977110467,0.7146226933627233,0.656888109539518,0.597525747816673,0.5365085427656935,0.4738086268886798,0.4093972927541776,0.343244952195313,0.27532109242192115,0.20559422888815237,0.13403185474586446,0.060600386701310446,-0.014734892921257028,-0.09200989812134791,-0.17126180539883512,-0.2525291244144218,-0.33585177340445016,-0.42127115964432166,-0.5088302652815012,-0.5985737388882352,-0.6905479931169296,-0.7848013088771894,-0.8813839464936344,-0.9803482643483359,-1.0817488455607016,-1.1856426333130303,-1.2920890754903227,-1.401150279371004,-1.5128911771801057,-1.6273797034001738,-1.7446869848281557,-1.8648875444698567,-1.9880595204788374,-2.1142849014749245,-2.2436497797203243,-2.376244623790803,-2.512164572556841,-2.651509752487891,-2.794385620513368,-2.94090333492043,-3.091180157042499,-3.245339886797978,-3.403513335478025,-3.565838839559223,-3.7324628197346756,-3.9035403898184673,-4.0792360206859275,-4.259724264967815,-4.4451905488199985,-4.635832037739959,-4.831858584090559,-5.033493764709993,-5.240976017713961,-5.454559888300383,-5.674517394000004,-5.901139520302019,-6.1347378578108644,-6.375646391892592,-6.624223454902305,-6.880853849190559,-7.1459511456433,-7.419960156754,-7.703359574042726,-7.996664745393552,-8.300430546188576,-8.615254265459306,-8.941778379475387,-9.280693012586806,-9.632737777370227,-9.99870252630444,-10.379426310129444,-10.775793486156031,-11.188725397097999,-11.619165264420241,-12.068052787604628,-12.53628323576135,-13.024643314076883,-13.533712460434213,-14.063713102356648,-14.614286482775343,-15.184162098295728,-15.770680122251084,-16.369122364734285,-16.971820582122653,-17.567066398100604,-18.13798586826076,-18.66180535472671,-19.110296523980125,-19.45240674282304,-19.659620247793374,-19.713022560579056,-19.609065619290927,-19.36074677671821,-18.99345723911088,-18.53801679361593,-18.024349229108626,-17.4777076110868,-16.917431038318497,-16.357300465601675,-15.806571732601826,-15.271112383926948,-14.754385106897445,-14.258208239953564,-13.783308438903571,-13.329707552574384,-12.89698701208617,-12.484465490794623,-12.091316661272632,-11.716646196433507,-11.359541306029895,-11.01910188998371,-10.694459458482818,-10.384787963123543,-10.089309324213517,-9.807295522632604,-9.538068507491262,-9.280998755421724,-9.035503037569041,-8.801041761784203,-8.577116130374838,-8.363265268066227,-8.159063417151822,-7.96411725813515,-7.77806338838245,-7.600565974285447,-7.431314581365243,-7.270022179718783,-7.116423317909715,-6.970272455941541,-6.831342446709963,-6.699423154893621,-6.574320202321776,-6.455853829258117,-6.343857861629929,-6.238178774922535,-6.138674846191197,-6.045215386378851,-5.957680045843523,-5.875958186680588,-5.799948316063462,-5.7295575754192,-5.664701280801959,-5.605302510328569,-5.551291734999505,-5.502606489647574,-5.4591910811402125,-5.420996331311681,-5.387979352423433,-5.360103353246895,-5.337337474136677,-5.319656649717032,-5.307041498042516,-5.299478235318902,-5.296958615484414,-0.2549184210137345,-1.3881575144140141,-0.6877451475759084,1.2307510902531087,1.8405534263511019,1.0649264539967207
-7.1160666493034865,-7.118140965619995,-7.124400312831303,-7.134851686420677,-7.149506788086796,-7.168382072577337,-7.19149881383522,-7.218883191011596,-7.250566395071089,-7.2865847568964135,-7.326979897993592,-7.371798905109021,-7.421094530298186,-7.47492541823699,-7.533356362844417,-7.596458595594042,-7.664310108237435,-7.736996013050614,-7.814608944152681,-7.897249503941871,-7.9850267592578605,-8.078058792521938,-8.17647331384096,-8.280408340902973,-8.390012954459074,-8.505448138299162,-8.62688771391269,-8.75451938150826,-8.888545880781555,-9.029186286807965,-9.176677458739984,-9.331275661661433,-9.49325838504937,-9.662926384885818,-9.840605980617461,-10.02665164295607,-10.221448914020975,-10.425417707609345,-10.63901604447835,-10.86274428541724,-11.09714993346074,-11.342833085553558,-11.60045262272352,-11.870733235249242,-12.154473383454139,-12.452554292231845,-12.765950062443654,-13.095738945199567,-13.44311574937777,-13.809405211019426,-14.19607589899854,-14.604753785872312,-15.037233841893418,-15.495486683847112,-15.981655032480955,-16.49803081805347,-17.046997040314622,-17.630906912030447,-18.251853007309954,-18.9112457354444,-19.60906603030068,-20.342575017833866,-21.1041613030546,-21.877951377073586,-22.635040081655426,-23.32830282075122,-23.89051516481274,-24.243094984775816,-24.320902685034472,-24.103278151360072,-23.62569859844827,-22.960275930286222,-22.18422556399137,-21.35944280390024,-20.52754238958866,-19.713257660986137,-18.929732253111553,-18.18293107768644,-17.474652687861887,-16.80440502605964,-16.17051735589585,-15.570779349216398,-15.002798893716726,-14.46419603991191,-13.952702729673153,-13.466208991937762,-13.00277921196189,-12.560652118648182,-12.138232343191921,-11.734078034803712,-11.346887059018835,-10.975483162942442,-10.618802829219305,-10.275883158661333,-9.945850904669713,-9.627912662878508,-9.321346156663502,-9.025492529477958,-8.739749544233437,-8.46356558972256,-8.19643439940154,-7.937890395795276,-7.68750458267596,-7.444880916059061,-7.2096530934626815,-6.9814817085523915,-6.760051725161876,-6.5450702307395385,-6.336264434570773,-6.13337988073122,-5.936178849713163,-5.74443892610992,-5.557951712711696,-5.376521673924312,-5.199965093626671,-5.028109134483024,-4.8607909873657205,-4.697857100959727,-4.539162482844683,-4.384570064410004,-4.233950122877858,-4.0871797545068596,-3.944142393743759,-3.8047273736953486,-3.6688295238206488,-3.536348801205167,-3.4071899521829763,-3.281262201427059,-3.158478965939753,-3.038757591649282,-2.9220191105599804,-2.808188016617316,-2.6971920586372593,-2.5889620488169562,-2.4834316854916714,-2.3805373889348855,-2.280218149115381,-2.182415384429845,-2.087072810522443,-1.9941363183861573,-1.9035538610151992,-1.8152753479444106,-1.7292525470715157,-1.6454389932117728,-1.5637899028829338,-1.4842620948619114,-1.4068139160938036,-1.3314051725692444,-1.2579970648180856,-1.1865521276963145,-1.117034174169186,-1.0494082428173908,-0.9836405488145182,-0.9196984381435641,-0.8575503448381245,-0.7971657510498602,-0.7385151497587421,-0.6815700099558308,-0.6263027441406734,-0.5726866779865202,-0.5206960220368263,-0.4703058453058309,-0.42149205066456663,-0.37423135190158363,-0.3285012523547852,-0.28428002501752486,-0.2415466940281835,-0.2002810174580397,-0.16046347131759023,-0.12207523470613797,-0.0850981760341206,-0.0495148402515612,-0.015308437020152362,0.017537170230107115,0.04903747441536287,0.07920733413592408,0.10806098228741937,0.1356120339917946,0.16187349389230105,0.18685776285405878,0.21057664410949292,0.23304134888553668,0.25426250154759145,0.2742501442928291,0.29301374142373343,0.31056218323069273,0.32690378951063903,0.3420463127469252,0.35599694097389056,0.36876230034781854,0.38034845744439527,0.3907609213009854,0.40000464522059165,0.4080840283526857,0.41500291706452425,0.42076460611503463,0.42537183964180636,0.4288268119702333,0.4311311682522306,0.43228600494061636,0.4322918701035293,0.4311487635820089,0.42885613699207004,0.42541289357142564,0.42081738786929007,0.4150674252762626,0.4081602613898813,0.40009260120977114,0.3908605981549983,0.38045985289451545,0.3688854119802499,0.35613176627071685,0.3421928491315334,0.3270620343976728,0.31073213408060973,0.29319539580202336,0.2744434999339513,0.25446755642372004,0.23325810128019075,0.21080509269613779,0.18709790677979843,0.16212533286669537,0.13587556838100637,0.10833621321373386,0.07949426358278774,0.04933610533809713,0.017847506672399864,-0.014986389803787949,-0.049181075667225474,-0.08475268601366126,-0.1217180095658344,-0.1600944996101385,-0.19990028581769706,-0.24115418700875263,-0.28387572492301943,-0.32808513906247394,-0.3738034026771747,-0.42105223996916075,-0.4698541445944089,-0.5202323995478861,-0.5722110985225011,-0.6258151688387703,-0.6810703960487894,-0.7380034503251687,-0.7966419147535596,-0.8570143156559069,-0.9191501550810232,-0.9830799456090779,-1.0488352476280227,-1.1164487092520101,-1.1859541090653982,-1.2573864018905037,-1.330781767793544,-1.4061776645608952,-1.4836128838972544,-1.5631276116189285,-1.644763492139041,-1.7285636975677345,-1.8145730017791972,-1.9028378598294424,-1.9934064931440034,-2.086328980934056,-2.181657358342852,-2.2794457218726953,-2.3797503426964797,-2.4826297885175643,-2.5881450547084572,-2.6963597055333226,-2.807340026342363,-2.9211551877194935,-3.0378774226688816,-3.157582218043224,-3.2803485215482473,-3.4062589658061726,-3.5354001111279016,-3.6678627088323483,-3.8037419871647637,-3.94313796210725,-4.086155775648988,-4.232906064394999,-4.383505361746719,-4.538076537291809,-4.696749277502082,-4.859660612366357,-5.0269554931899,-5.1987874274864465,-5.375319177687033,-5.556723531308911,-5.743184151287993,-5.934896516402688,-6.1320689631329675,-6.334923841938808,-6.543698802842646,-6.758648227406331,-6.980044826752449,-7.2081814282505565,-7.443372976934714,-7.685958781709825,-7.936305041016375,-8.194807687930636,-8.461895600750385,-8.738034232000993,-9.023729716497765,-9.319533527537402,-9.626047759234236,-9.943931121977323,-10.273905746032451,-10.616764893786021,-10.973381681127396,-11.344718898049154,-11.731839989349247,-12.135921194264105,-12.558264725255519,-13.000312651060097,-13.4636607698455,-13.95007109977443,-14.461480479388594,-15.000000819808214,-15.567903198668287,-16.167572218398906,-16.801407126129966,-17.471629166187213,-18.179925747802045,-18.926814295488523,-19.710534467081345,-20.525177608662993,-21.35767899335008,-22.183405232340604,-22.960841546972134,-23.628132599392536,-24.107943549781076,-24.32782025570715,-24.251828586635224,-23.900318201498948,-23.338418813082164,-22.644914179208328,-21.887269477872977,-21.112791949494856,-20.35049649548069,-19.61631237927847,-18.917874382260255,-18.257927597878048,-17.63648908208218,-17.052142970955586,-16.502790191881683,-15.986071115311503,-15.499596880209591,-15.041070403935734,-14.608344526180986,-14.199444843812298,-13.812573172363166,-13.446100814316686,-13.098556888862046,-12.768614694408736,-12.455077746236189,-12.156866359609204,-11.87300520279389,-11.602611990111258,-11.34488734353831,-11.099105775853673,-10.864607711349958,-10.640792445313465,-10.427111941069834,-10.223065367645601,-10.028194288610763,-9.842078421485994,-9.664331896114431,-9.494599949017307,-9.3325559986846,-9.177899053879841,-9.030351413347645,-8.889656620840135,-8.755577644189545,-8.627895251322876,-8.506406559716444,-8.390923738895598,-8.281272848263814,-8.177292794854889,-8.078834397593745,-7.98575954637068,-7.8979404457201055,-7.815258934180917,-7.737605871530951,-7.6648805870565875,-7.596990382862115,-7.533850086959097,-7.475381651519851,-7.42151379224374,-7.372181665281813,-7.327326578604082,-7.286895735082242,-7.250842004906831,-7.219123725266929,-7.19170452549856,-7.168553176159524,-7.149643460717105,-7.134954068745297,-7.124468509722557,-7.118175046702753,-7.1160666493034865,-0.6777033619442525,-1.5243819281244928,-0.7098706956190228,0.8955563880749441,0.9247380428842497,1.8940351413674847
-4.813840005152896,-4.816105988869395,-4.822959553891267,-4.834408324525311,-4.850465049238961,-4.87114765214341,-4.896479305674413,-4.92648852504945,-4.9612092852571905,-5.000681161521112,-5.044949494376394,-5.0940655807099,-5.148086892339716,-5.207077323956294,-5.271107472514184,-5.34025495045539,-5.4146047354652005,-5.494249559813142,-5.579290342718503,-5.669836669606179,-5.7660073225874715,-5.86793086701591,-5.975746299532973,-6.0896037636347415,-6.209665339458226,-6.336105915203004,-6.4691141483635795,-6.608893525736873,-6.75566353196607,-6.909660937150105,-7.07114121473043,-7.240380101378618,-7.417675310818531,-7.603348413234795,-7.797746890860246,-8.001246378081767,-8.214253090344982,-8.43720643937533,-8.670581821449971,-8.914893548717952,-9.170697868025984,-9.438595973160792,-9.719236858637807,-10.013319776898125,-10.321595932231418,-10.644868853311705,-10.983992601058576,-11.339866543390514,-11.713424794200584,-12.1056174677767,-12.517379490833596,-12.94958062501549,-13.402947282867796,-13.877942285939838,-14.374582503655112,-14.892166100283513,-15.428871456522938,-15.981181465386847,-16.543087734402878,-17.10505754868904,-17.65283721059084,-18.166368516739535,-18.61943867491204,-18.98105870694524,-19.219555974862764,-19.30932904165903,-19.23810153864751,-19.010944954980108,-18.648570266150713,-18.180982616684663,-17.640117939804338,-17.054506778825427,-16.446833471558804,-15.833688984599515,-15.226442573848429,-14.632441083239494,-14.05612908680741,-13.49994665604956,-12.964993683734562,-12.45149915213597,-11.959143167414707,-11.487273699094242,-11.03505030833884,-10.60153817276311,-10.185768657944445,-9.786777544488562,-9.403628421036926,-9.035426289767202,-8.681324764056534,-8.340529117140417,-8.012296688903763,-7.695935654111752,-7.390802817544484,-7.096300874780182,-6.81187542513927,-6.537011921096952,-6.271232669943922,-6.014093957667271,-5.765183334570785,-5.524117082090953,-5.29053786723191,-5.064112582760892,-4.844530366225609,-4.63150078792003,-4.424752196415691,-4.224030209700177,-4.029096339988972,-3.8397267406739055,-3.655711064487992,-3.4768514227000176,-3.302961435934544,-3.133865368000855,-2.9693973348795186,-2.8094005817414978,-2.6537268215530174,-2.502235629445556,-2.3547938876036216,-2.2112752759443306,-2.0715598043354118,-1.9355333825242584,-1.803087424334697,-1.674118483032809,-1.5485279150727589,-1.4262215697111542,-1.3071095022270307,-1.1911057087076482,-1.078127880559739,-0.9680971770849482,-0.8609380146184227,-0.756577870873429,-0.6549471032637759,-0.5559787800916293,-0.4596085235922478,-0.3657743639205998,-0.274416603248839,-0.1854776892190618,-0.09890209706397167,-0.014636219769167756,0.06737173429384581,0.14717183678520496,0.2248125283409375,0.3003407014797307,0.37380177787117497,0.4452397803316277,0.5146973998836682,0.5822160581883298,0.6478359656347119,0.7115961753496197,0.7735346333698091,0.8336882252014066,0.8920928189748777,0.9487833053889125,1.0037936346236063,1.0571568503910098,1.1089051212804786,1.1590697695463197,1.2076812974764657,1.2547694114729666,1.3003630439678695,1.344490373291673,1.3871788416056234,1.4284551710040703,1.4683453778882007,1.5068747857084073,1.5440680361686159,1.5799490989825244,1.6145412802686105,1.647867229667873,1.6799489462657788,1.710807783397573,1.7404644524138209,1.7689390254812016,1.7962509374916547,1.822418987151111,1.8474613373175497,1.871395514656276,1.8942384086788844,1.9160062702306546,1.9367147094896398,1.9563786935390173,1.975012543572682,1.9926299317923077,2.0092438780524677,2.024866746308392,2.0395102409192583,2.0531854028577547,2.0659026058746384,2.0776715526648646,2.0885012710795663,2.0984001104257137,2.107375737892969,2.1154351351445393,2.122584595106159,2.1288297189847136,2.1341754135449293,2.138625888669835,2.1421846552275237,2.1448545232637386,2.1466376005366374,2.147535291406874,2.147548296092893,2.146676610298112,2.1449195252132696,2.1422756278939907,2.1387428020102863,2.1343182289613862,2.1289983893460747,2.1227790647753797,2.1156553400113607,2.1076216054124766,2.0986715596630696,2.0887982127612803,2.077993889237025,2.0662502315685347,2.0535582037633966,2.039908095067249,2.0252895237607538,2.0096914410029614,1.9931021346767825,1.9755092331901238,1.9568997091839215,1.9372598830962704,1.916575426529927,1.8948313653684719,1.8720120825846234,1.8481013206824972,1.8230821837137308,1.7969371388060575,1.7696480171409275,1.7411960143155132,1.7115616900226076,1.680724966980477,1.648665129043014,1.6153608184188604,1.580790031926408,1.5449301162097273,1.5077577618384566,1.4692489962125186,1.4293791751902534,1.3881229733558804,1.3454543728395565,1.3013466506000029,1.2557723640763854,1.2087033351122958,1.1601106320503591,1.1099645498914843,1.058234588407295,1.0048894280887875,0.9498969038075324,0.8932239760587628,0.8348366996476592,0.7747001896713391,0.7127785846393584,0.6490350065644575,0.5834315178436215,0.5159290747358989,0.4464874772289261,0.37506531506964286,0.301619909716806,0.2261072519528964,0.1484819348708938,0.06869708192718685,-0.013295730275372003,-0.09754655483984667,-0.1841071634618296,-0.2730311417856617,-0.36437399170601487,-0.4581932411356593,-0.5545485618097723,-0.65350189575255,-0.7551175910928261,-0.859462547983552,-0.9666063754553654,-1.0766215601184381,-1.1895836477200035,-1.305571438668892,-1.424667198754097,-1.5469568864129724,-1.6725303980486244,-1.8014818330559614,-1.9339097803947194,-2.069917628747155,-2.2096139025206307,-2.3531126262038846,-2.500533719862732,-2.6520034288702816,-2.807654791310946,-2.967628146880985,-3.1320716915338416,-3.301142082590397,-3.4750050995547968,-3.6538363664493243,-3.837822142106569,-4.0271601855348145,-4.222060704197547,-4.422747393812216,-4.629458579059852,-4.84244846537857,-5.061988512746723,-5.288368942977003,-5.521900392440218,-5.762915722162604,-6.011771996667612,-6.2688526414283015,-6.534569785870184,-6.809366793798234,-7.093720974862464,-7.3881464576795075,-7.693197185219591,-8.009469962700885,-8.337607442555623,-8.678300862703145,-9.032292252463355,-9.40037566867257,-9.78339679854837,-10.182249929079564,-10.59787078052626,-11.031222952415911,-11.483274613378624,-11.954960405009913,-12.447121074632202,-12.960409765737042,-13.495148770722258,-14.05111351472322,-14.627211585654711,-15.221014978978067,-15.828097800295037,-16.441140925418985,-17.048814111248465,-17.63457726226115,-18.17580473610952,-18.64401999654541,-19.007313610000104,-19.235652628290193,-19.308230973295117,-19.219833727236196,-18.982592664507205,-18.622009313360095,-18.169718561636916,-17.65672220109035,-17.109273106058478,-16.54747695068452,-15.985630895658245,-15.43330275136629,-14.896527275355623,-14.378840513281407,-13.882077290432743,-13.406948453547338,-12.95344316925548,-12.521102582377875,-12.10920282452322,-11.716875709482768,-11.343187231127427,-10.987187756679344,-10.647943362452924,-10.324554680393527,-10.01616752793202,-9.721978180030405,-9.441235193007177,-9.173239053313317,-8.917340497793873,-8.672938065778554,-8.43947525121898,-8.216437494070584,-8.003349163522063,-7.799770627669308,-7.605295465528225,-7.419547851633239,-7.242180126655738,-7.072870556641213,-6.911321276664663,-6.757256410618735,-6.610420356578242,-6.470576226113107,-6.337504425630666,-6.211001368033068,-6.090878303482544,-5.9769602587473125,-5.869085075366969,-5.767102537671496,-5.67087358247674,-5.580269583038087,-5.49517170056096,-5.415470297234246,-5.341064405369167,-5.271861247790692,-5.207775805144328,-5.1487304262501645,-5.094654478062344,-5.045484032179325,-5.001161585201909,-4.96163581055635,-4.926861339691727,-4.896798570827964,-4.871413503676538,-4.8506775987826884,-4.834567660348656,-4.823065741594823,-4.816159071901702,-4.813840005152898,-1.2342142704780827,-0.5667044816530429,-1.768991004997795,1.1787042901580993,1.4165917474040541,1.4001642615454508
-15.910558184262268,-15.914564267707657,-15.926019695144122,-15.94494979529276,-15.971396651942197,-16.005419389847802,-16.04709457899274,-16.096516762464624,-16.153799114842165,-16.219074239737093,-16.29249511702222,-16.374236212319552,-16.46449476354189,-16.56349226169202,-16.671476145727443,-16.788721734082106,-16.91553441835662,-17.052252147655768,-17.199248234905937,-17.356934518950474,-17.52576491784588,-17.70623940884072,-17.898908467858583,-18.104377994110372,-18.323314730878778,-18.556452167083194,-18.804596858937813,-19.068635035845848,-19.34953923225561,-19.648374490026104,-19.966303360153827,-20.30458842859927,-20.664590286380854,-21.047757579123996,-21.45560371711632,-21.88966154307607,-22.351402017562336,-22.84209468893308,-23.36257479219541,-23.912862332065142,-24.491551004202428,-25.0948513868368,-25.71514768190104,-26.338956617978848,-26.944374079757534,-27.498662222019554,-27.95773116035913,-28.270459273326367,-28.39014310308306,-28.290460857655646,-27.97662354031125,-27.483044956252655,-26.859456524991053,-26.155630544035166,-25.412227456821284,-24.65835166773006,-23.912941699419573,-23.187354306686533,-22.487789546426345,-21.817137602667337,-21.176252877559286,-20.56478698236687,-19.98171613990271,-19.425667832375648,-18.89511928152726,-18.388515420800516,-17.904336816483195,-17.441136733962576,-16.9975593646819,-16.572346708184522,-16.16433877197348,-15.772469980909023,-15.395763579706198,-15.033325118023772,-14.684335672739813,-14.34804518979429,-14.023766158191888,-13.710867723623345,-13.408770284902257,-13.116940577987467,-12.834887230223249,-12.562156755505004,-12.29832995548806,-12.043018690229665,-11.795862982213055,-11.5565284195489,-11.324703826657332,-11.100099173511506,-10.882443697339696,-10.671484213396631,-10.466983593954488,-10.268719396992312,-10.076482628169888,-9.890076621560432,-9.709316026298339,-9.53402588778842,-9.364040813439958,-9.199204214049605,-9.039367612978559,-8.884390016168627,-8.734137336831559,-8.588481869341209,-8.447301807469206,-8.310480802642779,-8.177907558377381,-8.049475457454331,-7.9250822187823715,-7.80462958120785,-7.688023011826097,-7.575171436601713,-7.465986991331692,-7.3603847911860125,-7.2582827172389175,-7.159601218562992,-7.064263128599748,-6.9721934946468975,-6.883319419415615,-6.797569913712059,-6.714875759388313,-6.6351693817891055,-6.558384730993943,-6.4844571712200585,-6.413323377810871,-6.3449212412882385,-6.279189777994985,-6.216069046898118,-6.155500072162514,-6.097424771140817,-6.041785887457958,-5.988526928897983,-5.937592109828009,-5.888926297918346,-5.842474964940121,-5.798184141441891,-5.756000375125126,-5.715870692755124,-5.677742565459094,-5.6415638772769405,-5.6072828968427295,-5.574848252086129,-5.54420890785324,-5.515314146355426,-5.488113550362865,-5.462556989066821,-5.438594606541006,-5.4161768127380245,-5.395254276961592,-5.375777923759431,-5.357698931184896,-5.3409687313783225,-5.3255390134208,-5.311361728414791,-5.29838909674652,-5.286573617485473,-5.275868079875899,-5.266225576874329,-5.257599520685731,-5.249943660249036,-5.243212100620383,-5.23735932419958,-5.2323402137421695,-5.22811007709572,-5.224624673595121,-5.221840242047337,-5.219713530231416,-5.218201825834901,-5.217262988742651,-5.216855484588894,-5.216938419478208,-5.217471575775595,-5.218415448860629,-5.219731284735261,-5.221381118369751,-5.223327812666183,-5.225535097914174,-5.227967611608882,-5.230590938497381,-5.2333716507155215,-5.236277347874223,-5.239276696951418,-5.242339471843421,-5.245436592428213,-5.248540162992034,-5.2516235098704644,-5.254661218155792,-5.257629167323776,-5.260504565634948,-5.263265983168681,-5.265893383351816,-5.268368152848511,-5.270673129683119,-5.272792629474351,-5.27471246966592,-5.276419991646637,-5.277904080661459,-5.279155183424185,-5.2801653233522385,-5.280928113354385,-5.281438766113022,-5.281694101813966,-5.281692553288275,-5.281434168542458,-5.280920610665437,-5.280155155112834,-5.279142684381118,-5.277889680096239,-5.276404212553265,-5.274695927754936,-5.27277603200849,-5.270657274150727,-5.268353925481717,-5.265881757497233,-5.2632580175191235,-5.260501402331328,-5.257632029936879,-5.254671409558273,-5.251642410009709,-5.248569226575102,-5.245477346530225,-5.2423935134511455,-5.239345690453899,-5.236363022512389,-5.2334757980029085,-5.230715409623876,-5.228114314839409,-5.2257059959941525,-5.223524920245297,-5.221606499455361,-5.219987050186518,-5.21870375393396,-5.217794617731925,-5.217298435261856,-5.217254748587623,-5.217703810637947,-5.218686548551084,-5.2202445279917065,-5.222419918544542,-5.225255460284073,-5.228794431614185,-5.233080618466475,-5.238158284940692,-5.244072145465822,-5.250867338555518,-5.258589402227099,-5.267284251148912,-5.2769981555771555,-5.287777722139433,-5.299669876519353,-5.312721848093447,-5.326981156569682,-5.342495600674631,-5.359313248935336,-5.377482432600747,-5.397051740747649,-5.418070017615891,-5.44058636221889,-5.464650130276636,-5.490310938520596,-5.517618671422593,-5.546623490403193,-5.577375845579291,-5.609926490115288,-5.644326497248153,-5.680627280062909,-5.718880614102497,-5.7591386629042995,-5.8014540065646045,-5.8458796734428455,-5.892469175128633,-5.941276544807237,-5.992356379173107,-6.045763884056297,-6.101554923943534,-6.15978607559418,-6.220514685971699,-6.283798934733621,-6.349697901547836,-6.418271638529637,-6.48958124812446,-6.563688966793395,-6.640658254895331,-6.720553893199201,-6.803442086504072,-6.889390574893635,-6.978468753205684,-7.070747799357051,-7.166300812231032,-7.2652029599082475,-7.3675316391040315,-7.473366646767329,-7.582790364898085,-7.6958879597547885,-7.81274759675131,-7.933460672485955,-8.058122065506126,-8.18683040759294,-8.319688377553334,-8.456803019736387,-8.598286089748992,-8.744254430137904,-8.894830379135442,-9.050142215939958,-9.210324646426017,-9.375519333660069,-9.54587547814371,-9.721550453327527,-9.902710502644261,-10.089531505113918,-10.282199817487092,-10.480913201932637,-10.68588184945786,-10.897329510590533,-11.115494746372168,-11.340632314427346,-11.573014706802914,-11.812933858424483,-12.060703047400938,-12.316659011009882,-12.58116430398358,-12.854609928611971,-13.137418269048114,-13.430046364806255,-13.732989560387667,-14.04678556861877,-14.37201898362279,-14.709326273762834,-15.059401272865255,-15.423001165587378,-15.800952923704934,-16.194160084558728,-16.603609655451727,-17.030378753926815,-17.475640314603798,-17.940666746326595,-18.426829708853475,-18.935593035522817,-19.468493998763172,-20.02710518492976,-20.612964558171157,-21.22745383784594,-21.87159360758387,-22.545705679097672,-23.24886732471694,-23.978048631667544,-24.726793155371837,-25.483308931010033,-26.227975875599828,-26.93073354061439,-27.54980309202136,-28.0345144973322,-28.335101225539464,-28.418470978596908,-28.281811736416177,-27.953860241012983,-27.482776861597856,-26.919988407407466,-26.309140562069192,-25.68225798206404,-25.0605578638761,-24.456975206975933,-23.878727501575142,-23.329329473646162,-22.810003682139353,-22.320609612314666,-21.860234194509125,-21.42755839304845,-21.02108042988677,-20.639248878417526,-20.280539726914533,-19.943498909235128,-19.626763748525256,-19.32907169004314,-19.04926152768593,-18.786270348565015,-18.539128183249872,-18.306951576186705,-18.088936807227807,-17.884353192978992,-17.69253670836668,-17.512884052287433,-17.344847209948263,-17.187928521835442,-17.041676244581097,-16.905680575610713,-16.779570107071354,-16.663008672433225,-16.555692549595307,-16.457347986209385,-16.367729015579574,-16.28661553446947,-16.213811617198587,-16.14914404338605,-16.09246101952014,-16.043631077161464,-16.00254213301407,-15.96910069832903,-15.943231227154413,-15.924875594834933,-15.913992699917722,-15.910558184262268,-1.1164568886377846,-1.5408635922199911,-0.6787106059468972,1.6050658275000647,0.5469487908687742,1.7566025051776384
-4.09972506376425,-4.101545106433451,-4.106975155347889,-4.116019094604288,-4.1286834083951955,-4.1449772047794875,-4.164912249168756,-4.188503007754683,-4.215766701170948,-4.246723368755507,-4.281395943855381,-4.3198103406980595,-4.361995553441533,-4.407983768110796,-4.457810488233264,-4.51151467510032,-4.569138903709415,-4.630729535582071,-4.696336909810505,-4.766015553861679,-4.839824415865505,-4.917827120337304,-5.000092249536856,-5.086693652953315,-5.177710787731124,-5.273229093224563,-5.373340403294539,-5.478143400450408,-5.587744116502331,-5.70225648503941,-5.821802951800253,-5.946515149875184,-6.07653464769402,-6.212013778938296,-6.3531165649030905,-6.500019741461704,-6.6529139047032535,-6.812004791577916,-6.977514714568278,-7.149684172596763,-7.3287736641865315,-7.515065733452292,-7.708867284975197,-7.910512210222052,-8.120364376165146,-8.33882103647458,-8.566316737504152,-8.803327805798993,-9.050377521681408,-9.308042105462054,-9.576957670045195,-9.857828327502258,-10.151435679290312,-10.458649972339662,-10.780443268897383,-11.117905060034145,-11.472260854902409,-11.844894404321138,-12.2373743719102,-12.651486450793817,-13.089272135427697,-13.553075579913955,-14.04560016042443,-14.569976400211967,-15.12984256333337,-15.729437932298469,-16.373705363435764,-17.06839154677593,-17.820114691536016,-18.636327127322648,-19.525005183176113,-20.49368447133974,-21.54698151781874,-22.680729686968952,-23.869029940917518,-25.038982091476043,-26.03525325912479,-26.616317720009476,-26.57259135373198,-25.915662195969347,-24.866108935383423,-23.660336215233563,-22.445281433864288,-21.288348962280182,-20.21272407635383,-19.22140708728407,-18.309340239361866,-17.468860855519303,-16.69199278602604,-15.97132936346802,-15.300308853572538,-14.673237940060105,-14.085219171350296,-13.53204968201473,-13.010119161144097,-12.516317625027211,-12.047955965195921,-11.602699082941925,-11.178510246951047,-10.77360500845277,-10.386413068955811,-10.015546688098418,-9.659774441290692,-9.317999346416292,-8.989240561048042,-8.672618003698515,-8.367339376828493,-8.072689169593945,-7.788019298761797,-7.51274111062179,-7.246318518259964,-6.9882620898587655,-6.7381239368575425,-6.4954932775229635,-6.2599925730673895,-6.031274150961159,-5.809017244335437,-5.592925388016185,-5.382724121279729,-5.178158955282774,-4.978993569617326,-4.785008207830135,-4.595998246232647,-4.411772914075724,-4.2321541463048415,-4.0569755527547535,-3.8860814898723905,-3.7193262229449493,-3.5565731684132085,-3.397694207215693,-3.242569061275506,-3.091084726240943,-2.9431349544488765,-2.7986197828191584,-2.6574451010261586,-2.519522255845935,-2.384767688056508,-2.2531025986856177,-2.1244526417632965,-1.9987476410538774,-1.875921328519847,-1.7559111025133278,-1.6386578039051833,-1.5241055085502002,-1.4122013346530846,-1.3028952637470337,-1.196139974126804,-1.091890685693501,-0.9901050152710624,-0.890742841545502,-0.7937661788593241,-0.6991390591662038,-0.6068274215158207,-0.5167990084968659,-0.42902326911832755,-0.34347126765593344,-0.26011559803264184,-0.17893030333987736,-0.09989080014043279,-0.022973807224555345,0.05184272148121289,0.12457966012798583,0.19525677053372842,0.2638927583796939,0.33050532622723094,0.3951112235509688,0.45772629396896297,0.518365519836086,0.5770430643541196,0.6337723113401484,0.6885659027839801,0.7414357743155895,0.7923931886942813,0.8414487674230829,0.8886125205841677,0.9338938749839337,0.9773017006900282,1.0188443360363866,1.0585296111669273,1.0963648701832345,1.1323569919569185,1.1665124096626835,1.1988371290841362,1.2293367457403628,1.2580164608777045,1.2848810963677135,1.3099351085491162,1.3331826010484635,1.354627336611407,1.3742727479737105,1.3921219477986595,1.4081777377048201,1.422442616406113,1.4349187869835147,1.4456081633058164,1.4545123756146092,1.4616327752866807,1.4669704387850768,1.4705261708079398,1.472300506642707,1.4722937137309469,1.470505792447633,1.4669364760966017,1.4615852301222088,1.4544512505353666,1.4455334615502822,1.4348305124264005,1.4223407735082092,1.4080623314535625,1.3919929836394087,1.374130231731661,1.354471274403999,1.3330129991883133,1.3097519734372192,1.2846844343769028,1.2578062782262054,1.2291130483552957,1.1985999224547907,1.166261698683416,1.1320927807594539,1.0960871619581878,1.0582384079742813,1.018539638604689,0.9769835082040199,0.9335621848603421,0.8882673282352647,0.8410900660077163,0.7920209688559474,0.7410500239071421,0.6881666065784873,0.6333594507274036,0.5766166170222657,0.517925459437708,0.4572725897710553,0.39464384006798753,0.3300242228364998,0.26339788891830057,0.19474808287594375,0.12405709574225822,0.051306214965519,-0.023524328630125987,-0.10045541706523357,-0.17950910481989552,-0.2607086820748523,-0.3440787418316412,-0.4296452511873777,-0.5174356270648713,-0.6074788167267016,-0.6998053834326124,-0.7944475976337659,-0.8914395341352476,-0.9908171757002553,-1.0926185236162336,-1.196883715795353,-1.3036551530397944,-1.41297763416735,-1.52489850076539,-1.639467792422783,-1.7567384133805095,-1.8767663116444566,-1.999610671719418,-2.1253341222534323,-2.2540029600289975,-2.3856873919037462,-2.5204617964922456,-2.6584050075945695,-2.799600621621198,-2.9441373315417607,-3.0921092902024885,-3.2436165062210955,-3.3987652760844824,-3.5576686565545605,-3.7204469820402557,-3.8872284322323103,-4.058149656037534,-4.23335645870786,-4.4130045600601955,-4.597260432850135,-4.78630223173007,-4.980320824827058,-5.179520941865907,-5.384122454995943,-5.594361811125577,-5.810493637714959,-6.032792547729247,-6.261555173947401,-6.49710246821763,-6.739782307756527,-6.989972458462006,-7.2480839547731915,-7.514564967270091,-7.789905243477445,-8.074641224869168,-8.36936196469065,-8.674715997970754,-8.991419348313626,-9.320264897421875,-9.662133394918014,-10.018006450524847,-10.388981931232383,-10.776292286480242,-11.181326448751141,-11.605656109219,-12.051067350450065,-12.519598827838898,-13.013587913483773,-13.53572640800892,-14.089127484675588,-14.677405223452272,-15.304766908259896,-15.976115078629842,-16.697148692410764,-17.474435235272264,-18.31538603666869,-19.227977911127297,-20.219863462039527,-21.296064412144972,-22.45348532062153,-23.668720856616908,-24.873923169970958,-25.92147761939192,-26.574560806432412,-26.613483695625032,-26.028575806067053,-25.03035287392241,-23.8599160282339,-22.671890599619374,-21.53871507308309,-20.486063435041196,-19.518008181403815,-18.629899388522208,-17.81419398553865,-17.062918448458532,-16.368626746472238,-15.724707642695373,-15.125420993645736,-14.565829703347022,-14.041699410702932,-13.549396000109992,-13.085792426736113,-12.648188228559423,-12.234241696989077,-11.841913396209023,-11.46941937287513,-11.115192440081675,-10.777850106134794,-10.456167940407104,-10.149057379851458,-9.855547164284944,-9.574767742954096,-9.305938121167564,-9.048354717787161,-8.801381886247098,-8.564443817320694,-8.33701759431152,-8.118627213377806,-7.908838415448111,-7.7072542033636555,-7.513510939838371,-7.327274939628003,-7.148239483784511,-6.976122195703506,-6.810662728373567,-6.6516207202210715,-6.498773983540758,-6.351916894972508,-6.21085896203763,-6.075423543550434,-5.9454467049082,-5.820776191942843,-5.70127050927968,-5.5867980910629855,-5.477236553534112,-5.372472020332966,-5.272398512576604,-5.176917396783032,-5.085936884579133,-4.999371578882889,-4.917142061898625,-4.8391745208264485,-4.76540040767552,-4.695756129996557,-4.630182769720843,-4.568625827618816,-4.511034991177807,-4.457363923950589,-4.407570074649502,-4.361614504458792,-4.319461731213536,-4.281079589251021,-4.246439103881039,-4.2155143795487975,-4.1882825008787625,-4.164723445892404,-4.1448200107883775,-4.128557745761786,-4.1159249014208115,-4.106912385435563,-4.101513729125975,-4.099725063764252,-1.749289589495503,-0.5549522004031642,-0.6437602355249032,0.5844254224068797,1.5286139699648067,1.4036610510970577
-6.144150604828729,-6.14597324720933,-6.151266467947615,-6.160034668636173,-6.1722851682948665,-6.188028228808873,-6.207277090698197,-6.230048019469012,-6.256360362873412,-6.286236619484175,-6.319702519076527,-6.356787115399966,-6.397522892022014,-6.44194588203286,-6.4900958025176125,-6.542016204832281,-6.5977546418633,-6.657362853610074,-6.720896972608888,-6.788417750917164,-6.85999081060324,-6.935686919942691,-7.015582297812476,-7.099758949104745,-7.188305034359214,-7.281315277245387,-7.378891414021799,-7.481142689671039,-7.588186406069619,-7.700148528316007,-7.8171643562288295,-7.939379269062314,-8.06694955269559,-8.20004331997085,-8.338841536523262,-8.483539166413092,-8.63434645420017,-8.791490362867734,-8.955216190301268,-9.1257893909745,-9.303497634234398,-9.488653136291555,-9.681595309939992,-9.882693784439427,-10.092351858258645,-10.311010459966097,-10.539152708058527,-10.777309179704307,-11.02606402223206,-11.286062070993449,-11.558017174632127,-11.842721975960167,-12.141059456402171,-12.454016627999177,-12.782700854066327,-13.128359403977,-13.492403007127297,-13.876434375795906,-14.28228292809848,-14.712047273183021,-15.168147431629054,-15.653389254636762,-16.171044045541404,-16.72494686868736,-17.319617159591893,-17.960404291181625,-18.65365692382661,-19.4069039947591,-20.22900673925189,-21.13016982209463,-22.121522518286465,-23.213541325902874,-24.41150839360304,-25.703724789394226,-27.033771681530695,-28.24794215736378,-29.050170033694577,-29.115155581751246,-28.40163896890372,-27.20246019012032,-25.837911143142698,-24.4895111586187,-23.22865958002398,-22.073267328899824,-21.020218540620185,-20.059572673099666,-19.18013300982868,-18.37143395776983,-17.62431700253994,-16.930975634542172,-16.28481960574517,-15.680295127443165,-15.11271154083548,-14.578090525819743,-14.073040485127441,-13.594653914678164,-13.140424217801478,-12.708178407498899,-12.296022583052144,-11.90229760792467,-11.525542920810892,-11.16446683958997,-10.817922064709373,-10.484885363325585,-10.164440630914353,-9.855764695079618,-9.558115357229367,-9.27082126996181,-8.993273327954249,-8.72491731293245,-8.465247582811417,-8.213801634322033,-7.970155399655992,-7.733919162626916,-7.504733999905717,-7.282268669083409,-7.066216878450046,-6.856294884080729,-6.652239368578465,-6.4538055630218985,-6.260765579607562,-6.072906927399622,-5.89003118769579,-5.711952828938703,-5.538498143968246,-5.369504294822081,-5.204818452325667,-5.044297019436755,-4.8878049287725736,-4.735215005994929,-4.58640739179446,-4.441269016128297,-4.2996931191505015,-4.1615788139513175,-4.026830686805215,-3.895358431134459,-3.7670765118340155,-3.6419038569864712,-3.5197635743291142,-3.400582690127123,-3.284291908362394,-3.170825388371906,-3.0601205392669,-2.952117829638175,-2.8467606112063764,-2.743994955212247,-2.643769500462141,-2.5460353120511026,-2.4507457498811496,-2.357856346176879,-2.267324691276351,-2.1791103270427303,-2.0931746473026793,-2.009480804771713,-1.9279936239753908,-1.8486795197190213,-1.7715064206979811,-1.6964436978760933,-1.6234620972918632,-1.5525336769809706,-1.483631747729981,-1.4167308173997597,-1.351806538578722,-1.2888356593456076,-1.2277959769392688,-1.1686662941491779,-1.111426378255113,-1.0560569223580383,-1.0025395089563627,-0.9508565756332401,-0.9009913827307471,-0.8529279828962819,-0.806651192395271,-0.7621465640921685,-0.7194003620092139,-0.6783995373791053,-0.6391317061139229,-0.6015851276187524,-0.5657486848832965,-0.5316118657902398,-0.49916474558335083,-0.4683979704428423,-0.43930274211926695,-0.4118708035812162,-0.38609442563531265,-0.361966394480357,-0.3394800001606229,-0.31862902588598085,-0.2994077381893985,-0.28181087789492565,-0.2658336518715172,-0.251471725550639,-0.23872121618756792,-0.22757868684851973,-0.21804114110773407,-0.21010601844055762,-0.20377119030054933,-0.19903495687029904,-0.19589604447758874,-0.19435360367016788,-0.1944072079441263,-0.19605685312262078,-0.19930295738325196,-0.20414636193417238,-0.21058833234061008,-0.21863056050513774,-0.22827516730683842,-0.23952470590600142,-0.2523821657229672,-0.26685097710138045,-0.28293501666792875,-0.3006386134026064,-0.31996655543545904,-0.3409240975877529,-0.3635169696776951,-0.38775138561294586,-0.413634053294579,-0.4411721853594883,-0.47037351079092765,-0.501246287429389,-0.5337993154191607,-0.5680419516287577,-0.6039841250868432,-0.6416363534785718,-0.6810097607512431,-0.7221160958819205,-0.7649677528641738,-0.8095777919755245,-0.8559599623923592,-0.9041287262242493,-0.9540992840455638,-1.0058876020085217,-1.0595104406284852,-1.1149853853399776,-1.1723308789295925,-1.2315662559610117,-1.2927117793165697,-1.3557886789904363,-1.4208191932795422,-1.4878266125310726,-1.556835325618553,-1.6278708693336272,-1.7009599808969045,-1.77613065380894,-1.8534121972823578,-1.9328352995175382,-2.0144320951083254,-2.098236236890455,-2.1842829725745547,-2.272609226537796,-2.3632536871839664,-2.4562569003212955,-2.5516613690513665,-2.649511660711497,-2.749854521467268,-2.8527389992129617,-2.9582165755054284,-3.0663413073331496,-3.1771699796073305,-3.2907622693576704,-3.4071809227230987,-3.5264919459488295,-3.648764811738075,-3.774072682461096,-3.902492651899651,-4.0341060074033095,-4.168998514560055,-4.3072607267409015,-4.448988322171868,-4.5942824715227,-4.743250239386826,-4.896005023469866,-5.052667035813768,-5.213363830972519,-5.378230886736858,-5.547412243796511,-5.721061211649172,-5.89934114913941,-6.082426329268441,-6.270502899391316,-6.463769949656021,-6.662440704591873,-6.866743855187252,-7.076925051690348,-7.293248580818696,-7.515999255199799,-7.745484547837096,-7.9820370103983045,-8.226017021397576,-8.477815919196527,-8.737859585571265,-9.006612558879441,-9.284582772248346,-9.5723270325116,-9.870457380903247,-10.179648508144844,-10.50064643631666,-10.834278730112427,-11.18146656377868,-11.543239051198974,-11.920750350370353,-12.315300186608136,-12.728358609713727,-13.16159601958426,-13.616919774703957,-14.096519051554592,-14.602920059742747,-15.139054233559111,-15.708342573755816,-16.314799766162793,-16.96316168967587,-17.65903853484441,-18.409090783784166,-19.221211444546697,-20.104662283787526,-21.07002254692368,-22.128586437170654,-23.290293309132018,-24.55792852160038,-25.91233059326781,-27.2786750442919,-28.468538031956385,-29.154938710936015,-29.051609001484625,-28.218427391582818,-26.988653757353873,-25.65397594531539,-24.362465853989754,-23.16728448963986,-22.07864128673706,-21.090642316644704,-20.192585970277168,-19.373280364702996,-18.622523622024744,-17.93148124469047,-17.292657531956692,-16.6997364741376,-16.1473981675656,-15.631148790309819,-15.147175149895507,-14.692224474549002,-14.263506575511077,-13.858614676585603,-13.475461393476028,-13.11222685224745,-12.767316486668967,-12.43932654851817,-12.127015776451094,-11.829281999454938,-11.545142711423988,-11.273718857034467,-11.014221227732822,-10.765938990219768,-10.52822996624265,-10.300512357992922,-10.082257672723793,-9.87298464701973,-9.672254008270855,-9.479663940478643,-9.29484614519357,-9.117462407427697,-8.947201591774167,-8.783777006460554,-8.626924083253432,-8.476398329480299,-8.331973515302673,-8.193440065049241,-8.060603626124127,-7.933283792925351,-7.811312966484374,-7.694535333286698,-7.582805949047304,-7.475989915169916,-7.3739616372765004,-7.276604156602278,-7.183808546254315,-7.095473365360179,-7.011504165016467,-6.931813040706922,-6.856318226516334,-6.784943727034552,-6.717618983338328,-6.6542785698685485,-6.5948619193953295,-6.539313073592647,-6.487580457032416,-6.439616672662941,-6.395378317061463,-6.35482581395028,-6.317923264643981,-6.284638314254276,-6.254942032621869,-6.228808809073989,-6.206216260222982,-6.187145150128747,-6.171579322245587,-6.159505642665413,-6.1509139542539915,-6.145797041357005,-6.144150604828729,-1.9503983529068405,-0.659866006853423,-1.0683770679704472,0.5375781432308493,1.0069405720220124,1.9293500124936533
-9.375376601259212,-9.378146664207874,-9.38646248252007,-9.400336451434866,-9.419789298508864,-9.4448501858109,-9.475556854389117,-9.511955812426121,-9.55410256893588,-9.602061915319847,-9.655908257595936,-9.715726002648674,-9.781610002429916,-9.853666060673596,-9.932011507383542,-10.016775847117849,-10.108101487934348,-10.206144558787022,-10.311075824177784,-10.42308170597591,-10.542365423517339,-10.669148264380473,-10.803670999585904,-10.946195458349465,-11.097006278871895,-11.256412852875942,-11.42475148254919,-11.602387768978424,-11.789719250703206,-11.987178309116665,-12.195235353260545,-12.41440228883457,-12.64523626306026,-12.888343655534474,-13.144384251036147,-13.41407547683801,-13.698196504431337,-13.997591888456707,-14.313174220718349,-14.645924978612928,-14.996892289956524,-15.367183635029296,-15.757950430884645,-16.17035979261181,-16.60554623961157,-17.064532268751634,-17.54810093148805,-18.056595051464946,-18.589605766379087,-19.14549768499025,-19.7207018318673,-20.308700754493998,-20.89865931085157,-21.473776452429476,-22.009738444938066,-22.4742084304167,-22.828912938910296,-23.035813828299677,-23.066914437423,-22.913669158517244,-22.59020858877173,-22.128088163867808,-21.566218606511683,-20.941752654523,-20.28502989781822,-19.618320550443194,-18.956726962798157,-18.309818848777066,-17.683230185436972,-17.079937969626425,-16.501191968531142,-15.947155276126031,-15.417331514597182,-14.91084368842533,-14.426613219953365,-13.963473081902873,-13.520237918981909,-13.095746320900883,-12.68888518760071,-12.298602669293677,-11.92391389652844,-11.563902235633867,-11.217717840416466,-10.884574642265392,-10.563746510630402,-10.254563048039332,-9.95640530900315,-9.66870161820898,-9.390923589405155,-9.122582398656485,-8.863225335216853,-8.61243263421763,-8.369814583797169,-8.135008892613243,-7.90767830016728,-7.687508410889298,-7.47420573272736,-7.267495901556609,-7.067122073740419,-6.8728434704263925,-6.684434058503998,-6.5016813545028365,-6.324385339017262,-6.152357470474773,-5.985419788206464,-5.823404095821978,-5.666151216838773,-5.513510315369789,-5.365338275440297,-5.22149913319073,-5.08186355683449,-4.946308369785409,-4.814716112855089,-4.686974641852523,-4.562976757302678,-4.442619863342437,-4.325805653156577,-4.212439818586855,-4.1024317817885905,-3.9956944470236038,-3.8921439708702197,-3.791699549301792,-3.6942832202380393,-3.5998196803101026,-3.5082361147023144,-3.419462039043366,-3.333429152417641,-3.250071200655618,-3.16932384914157,-3.091124564447769,-3.015412504168732,-2.9421284143865822,-2.871214534250677,-2.8026145072016324,-2.736273298412124,-2.672137118055139,-2.610153350044826,-2.550270485926279,-2.492438063618882,-2.436606610742957,-2.3827275922828886,-2.3307533623601016,-2.2806371199083904,-2.232332868060562,-2.185795377070691,-2.140980150609672,-2.0978433952839746,-2.0563419932382345,-2.016433477711962,-1.9780760114291196,-1.9412283677067086,-1.9058499141751628,-1.8719005990087383,-1.8393409395692226,-1.8081320133699816,-1.7782354512711032,-1.749613432818794,-1.7222286836446412,-1.6960444748416466,-1.6710246242352862,-1.6471334994683815,-1.6243360228187764,-1.6025976776687898,-1.5818845165448936,-1.5621631706452788,-1.5434008607721,-1.5255654095838973,-1.50862525508234,-1.4925494652460594,-1.4773077537225545,-1.4628704964877803,-1.4492087493811965,-1.4362942664225602,-1.42409951881521,-1.4125977145391089,-1.4017628184357143,-1.3915695726855535,-1.3819935175785825,-1.3730110124766906,-1.3645992568673828,-1.3567363114076185,-1.3494011188570354,-1.342573524800402,-1.3362342980602182,-1.3303651507016625,-1.3249487575340138,-1.3199687750148115,-1.3154098594657069,-1.3112576845120525,-1.3074989576617506,-1.3041214359428315,-1.3011139405236052,-1.298466370243939,-1.2961697139913844,-1.294216061861316,-1.2925986150462043,-1.2913116944051253,-1.290350747671198,-1.28971235526121,-1.2893942346586078,-1.2893952433481117,-1.2897153802873436,-1.2903557859081518,-1.2913187406476618,-1.2926076620163027,-1.294227100217462,-1.2961827323404482,-1.2984813551556338,-1.3011308765474714,-1.3041403056277034,-1.307519741577643,-1.311280361274401,-1.3154344057619136,-1.31999516563299,-1.3249769653938892,-1.3303951468875104,-1.3362660518557743,-1.3426070037256264,-1.3494362887066622,-1.3567731362913824,-1.3646376992517766,-1.3730510332282255,-1.3820350760083853,-1.3916126265951907,-1.4018073241641884,-1.4126436270108385,-1.4241467915889379,-1.4363428517410803,-1.4492585982217396,-1.4629215586130015,-1.477359977731993,-1.4926027986279529,-1.508679644265711,-1.5256207999907876,-1.5434571968698705,-1.5622203959988417,-1.5819425738688309,-1.6026565088792208,-1.624395569084882,-1.6471937012635383,-1.671085421387658,-1.6961058065842003,-1.722290488664491,-1.749675649305766,-1.778298016965469,-1.8081948656092874,-1.8394040153340936,-1.8719638349676653,-1.9059132467280966,-1.9412917330274817,-1.978139345506548,-2.016496716389635,-2.0564050722528306,-2.097906250302123,-2.1410427172632174,-2.185857590990333,-2.232394664907767,-2.2806984354055206,-2.3308141323186744,-2.382787752629877,-2.436666097545076,-2.4924968131047134,-2.550328434506241,-2.610210434328754,-2.6721932748675337,-2.736328464804791,-2.80266862046373,-2.871267531915977,-2.9421802342378003,-3.015463084238827,-3.0911738430180224,-3.169371764736262,-3.250117692033144,-3.3334741585578183,-3.419505499130782,-3.5082779681053653,-3.5998598665555717,-3.6943216789808284,-3.791736220289528,-3.892178793902387,-3.9957273619047657,-4.102462728275332,-4.212468736327897,-4.325832481625599,-4.442644541762984,-4.56299922456448,-4.686994836418558,-4.814733972658509,-4.946323832115497,-5.08187655821059,-5.2215096092229984,-5.365346160676106,-5.513515543124243,-5.666153719007836,-5.823403802676354,-5.985416628164244,-6.152351369850547,-6.324376221745113,-6.501669141830366,-6.684418668654009,-6.872824818222568,-7.067100070192747,-7.26747045340181,-7.474176741918904,-7.687475774030855,-7.907641907882848,-8.134968628846027,-8.369770325028602,-8.612384248596728,-8.863172681589175,-9.122525325480776,-9.390861933544944,-9.668635203585556,-9.956333945096224,-10.254486528222102,-10.56366461032786,-10.88448711692891,-11.217624423315574,-11.563802635479973,-11.923807794968182,-12.298489718346943,-12.688765007178443,-13.095618496633568,-13.520102000741044,-13.96332858363725,-14.42645962183909,-14.910680442922779,-15.417158058939236,-15.94697105521514,-16.50099647446272,-17.079730807437603,-17.683011179584692,-18.309588211438772,-18.956485552544407,-19.61807025449145,-20.284774162550725,-20.941497144190574,-21.56597185103696,-22.127861834383772,-22.59001678658233,-22.9135261376234,-23.066830966767125,-23.035793777426832,-22.82895220781797,-22.474296878937217,-22.009863363124026,-21.47392558880332,-20.898822521627473,-20.308870430038404,-19.72087264292925,-19.145666093299635,-18.589769537035412,-18.05675285504782,-17.548252048622018,-17.06467638166821,-16.605683289346366,-16.17048988288465,-15.758073764144612,-15.367300470278122,-14.997002915177875,-14.646029692946625,-14.313273323116839,-13.997685670642387,-13.698285246698976,-13.414159445729805,-13.144463698239594,-12.88841881756834,-12.645307361457995,-12.414469530631225,-12.195298931653788,-11.987238404216845,-11.789776030316649,-11.60244138938808,-11.424802089270498,-11.256460581374487,-11.097051255235804,-10.946237799913185,-10.803710815504866,-10.669185656157625,-10.542400485483581,-10.423114525727044,-10.311106482970873,-10.206173131899103,-10.108128044986366,-10.016800452366681,-9.932034219984683,-9.853686934916933,-9.78162908795088,-9.715743344616685,-9.655923896882085,-9.60207588864536,-9.55411490900283,-9.511966548031737,-9.475566010524672,-9.4448577837463,-9.419795355863632,-9.400340982236296,-9.386465497249093,-9.378148169833043,-9.375376601259216,-0.452926136793097,-1.690896147147121,-0.5181704728906793,1.408450649324514,1.228466313011838,1.153855984802729
-15.8228518865719,-15.825893950307762,-15.835007261304415,-15.850208266853931,-15.871524479249892,-15.898994640388205,-15.932668955039249,-15.972609395723982,-16.018890083065557,-16.071597746506367,-16.130832271400994,-16.196707339743465,-16.269351173191428,-16.34890738864437,-16.435535978457136,-16.529414429470222,-16.630738997469923,-16.739726156519176,-16.8566142459019,-16.98166534129087,-17.11516738129131,-17.257436585857167,-17.408820209374973,-17.569699678634873,-17.740494174657723,-17.921664727638912,-18.113718906334192,-18.317216197270415,-18.53277418538796,-18.761075666160778,-19.0028768396883,-19.259016759010894,-19.530428226356328,-19.818150348929734,-20.123342974042025,-20.44730321049112,-20.791484188669934,-21.15751607912571,-21.547229112470777,-21.962677804700576,-22.40616457855652,-22.880259098006267,-23.3878061947948,-23.93190896845104,-24.515862096370874,-25.14298921261475,-25.816299491625752,-26.537808722344778,-27.307248658347866,-28.11969533454272,-28.961408986580658,-29.803139154166175,-30.5912092183919,-31.240850329727966,-31.644307406828656,-31.707819438437728,-31.4042343786333,-30.79139357862974,-29.97460607129947,-29.055448553536184,-28.106563094321277,-27.171182421239266,-26.271644502233297,-25.417663484238965,-24.611992362667866,-23.853802801950486,-23.140572639628587,-22.469099325701126,-21.836025899942896,-21.23810164309694,-20.672300562089866,-20.135864978659907,-19.626310722412875,-19.14141363575619,-18.679187943222573,-18.23786204144979,-17.815854539070536,-17.411751892675163,-17.02428818688591,-16.652327186640285,-16.294846578457836,-15.950924220468053,-15.619726185667673,-15.300496379844436,-14.992547528483314,-14.695253346750688,-14.408041728479365,-14.130388811442616,-13.861813795912967,-13.601874411075798,-13.350162939222304,-13.106302720888166,-12.869945075431312,-12.640766581181474,-12.418466667472092,-12.20276547779303,-11.993401969167085,-11.790132217820455,-11.592727905425784,-11.40097496376804,-11.214672358717763,-11.03363099697906,-10.857672741282226,-10.68662952157245,-10.520342531357285,-10.358661499757494,-10.201444030994221,-10.04855500406924,-9.899866026278772,-9.755254934966418,-9.614605342583424,-9.477806220701078,-9.344751519121179,-9.215339816668392,-9.089474000630485,-8.967060972147651,-8.848011375145774,-8.732239346667015,-8.61966228667856,-8.510200645641117,-8.403777728296088,-8.300319512287528,-8.19975448037404,-8.10201346510968,-8.007029504982642,-7.9147377110987795,-7.825075143584238,-7.737980696959576,-7.653394993807728,-7.571260286120581,-7.491520363765106,-7.414120469560364,-7.339007220501914,-7.266128534710923,-7.195433563721934,-7.126872629756285,-7.060397167657931,-6.995959671195471,-6.933513643458232,-6.873013551096445,-6.814414782175212,-6.75767360742996,-6.702747144727287,-6.649593326549622,-6.598170870335665,-6.54843925152008,-6.500358679127136,-6.453890073782464,-6.4089950480159885,-6.365635888736922,-6.3237755417689145,-6.283377598339746,-6.244406283425708,-6.206826445855875,-6.17060355008614,-6.135703669556845,-6.102093481551427,-6.069740263476836,-6.0386118904890465,-6.008676834389747,-5.979904163722162,-5.952263544996088,-5.925725244973689,-5.90026013394923,-5.875839689956843,-5.852436003841925,-5.830021785132273,-5.808570368646153,-5.788055721775187,-5.768452452380428,-5.749735817240801,-5.731881730993491,-5.714866775506502,-5.698668209624057,-5.683263979226208,-5.668632727544429,-5.65475380567584,-5.64160728323917,-5.62917395911658,-5.6174353722261126,-5.6063738122706575,-5.595972330410316,-5.586214749806189,-5.577085675985023,-5.5685705069754015,-5.560655443167914,-5.553327496853235,-5.54657450139402,-5.540385119988331,-5.534748853984563,-5.529656050709853,-5.525097910776562,-5.521066494833587,-5.517554729732163,-5.514556414078284,-5.512066223146805,-5.510079713135134,-5.508593324737465,-5.507604386023498,-5.507111114608777,-5.507112619106919,-5.507608899857259,-5.50860084892464,-5.510090249371363,-5.512079773804528,-5.514572982205332,-5.517574319049981,-5.521089109735138,-5.525123556323958,-5.529684732631749,-5.534780578673382,-5.540419894497404,-5.54661233343465,-5.553368394791828,-5.560699416023245,-5.568617564416066,-5.577135828327206,-5.5862680080118565,-5.596028706085878,-5.606433317666295,-5.617498020235779,-5.629239763278879,-5.641676257739174,-5.654825965347985,-5.6687080878766105,-5.683342556365192,-5.698750020382343,-5.71495183737075,-5.73197006213465,-5.749827436526064,-5.768547379387138,-5.788153976806827,-5.808671972750561,-5.8301267601221785,-5.852544372317978,-5.875951475333219,-5.900375360482002,-5.925843937792052,-5.9523857301365535,-5.980029868165941,-6.008806086103331,-6.038744718468249,-6.069876697794339,-6.102233553408025,-6.13584741133651,-6.170750995415077,-6.206977629665688,-6.244561242020889,-6.283536369469582,-6.323938164704068,-6.365802404350809,-6.409165498871177,-6.45406450422227,-6.5005371353726815,-6.548621781773014,-6.598357524886803,-6.649784157893759,-6.702942207684526,-6.7578729592738265,-6.814618482767859,-6.87322166303145,-6.933726232211203,-6.9961768052830635,-7.0606189188056545,-7.127099073075653,-7.195664777897547,-7.266364602198021,-7.339248227735222,-7.414366507174826,-7.491771526829457,-7.571516674384577,-7.653656711964071,-7.73824785492158,-7.825347856780514,-7.915016100786179,-8.007313698578972,-8.102303596547829,-8.200050690479214,-8.300621949179682,-8.404086547819658,-8.51051601182451,-8.619984372226117,-8.73256833348637,-8.848347454914066,-8.967404346920148,-9.089824883495869,-9.215698432455298,-9.34511810516113,-9.47818102765362,-9.614988635330015,-9.755646993580246,-9.900267147078868,-10.048965500768015,-10.201864235949017,-10.359091765337833,-10.520783231441408,-10.68708105318828,-10.858135526410074,-11.034105484536013,-11.21515902674621,-11.401474321854348,-11.593240497378808,-11.79065862464414,-11.993942812366631,-12.203321423060238,-12.419038428802855,-12.641354925486809,-12.870550827713584,-13.106926770066048,-13.350806244702401,-13.602538010185752,-13.862498812331069,-14.131096464783248,-14.408773345222299,-14.696010372736835,-14.993331543240595,-15.301309113056679,-15.620569536157218,-15.951800278131614,-16.29575764967457,-16.653275823761998,-17.02527722252016,-17.41278447957688,-17.816934196556442,-18.23899270931731,-18.680374044146348,-19.142660146964467,-19.627623256950795,-20.13724987543195,-20.673764981586416,-21.239653661228846,-21.837674583822377,-22.470854758934014,-23.1424458339777,-23.85580537442952,-24.614135748822,-25.419957258042537,-26.274093014530497,-27.17377837651057,-28.10927589752643,-29.05820491889653,-29.977263103162663,-30.793716525853693,-31.40591606950826,-31.708585407977147,-31.644068536193565,-31.239754361747742,-30.58953361068527,-29.801152172019215,-28.959304384999935,-28.117591427158217,-27.305209723603213,-26.535865743110417,-25.81446450461791,-25.14126403716204,-24.514243337119336,-23.930390793082026,-23.386381841484003,-22.87892167211893,-22.404907455657714,-21.96149481732144,-21.546114619582614,-21.15646497347823,-20.790491872700688,-20.446365557812026,-20.122456285800737,-19.817311309996136,-19.52963386383517,-19.25826440421107,-19.002164093924186,-18.76040037035811,-18.532134393263867,-18.31661015176792,-18.113145018964694,-17.92112156039274,-17.73998042416641,-17.569214162299115,-17.408361853204696,-17.257004413801486,-17.11476050586504,-16.981282955330453,-16.856255615306438,-16.739390613852486,-16.630425936316794,-16.52912329945511,-16.435266280846484,-16.348658672464772,-16.269123031805385,-16.19649940783274,-16.130644222314654,-16.071429289936614,-16.018740963019905,-15.972479388766853,-15.932557868780151,-15.898902312197233,-15.87145077518445,-15.850153080783455,-15.834970514222398,-15.825875589822846,-15.8228518865719,-0.8804746759323165,-0.8761965602090072,-0.8125166986252064,1.2584386216724603,0.7102310162433787,1.2521772638220225
-17.15137258042956,-17.155052169346348,-17.16611441718417,-17.184583940787544,-17.21050196716665,-17.24392662724666,-17.284933373078886,-17.333615524606778,-17.390084954051908,-17.454472918140425,-17.52693105077774,-17.60763253145694,-17.696773447717685,-17.794574373430578,-17.90128218865051,-18.017172171354005,-18.14255039665485,-18.27775648519178,-18.4231667494188,-18.579197794616494,-18.746310640671638,-18.92501544108342,-19.11587688718122,-19.319520397921124,-19.536639208257267,-19.768002480741988,-20.014464573435603,-20.276975598357918,-20.556593391512315,-20.854496975708905,-21.17200150991296,-21.51057454735369,-21.871853106547427,-22.257660486276105,-22.670020738465716,-23.111166920548406,-23.5835360971172,-24.08973851577177,-24.632478616542453,-25.214388349952273,-25.83770323430445,-26.503660027404944,-27.21141028310995,-27.956119132670118,-28.725782120296437,-29.49631059306004,-30.22514079163294,-30.84610972191779,-31.273162693438074,-31.422782275915758,-31.252084701362797,-30.783941956082963,-30.09313126748229,-29.26837250057109,-28.383321883494602,-27.487754481723012,-26.61093928034044,-25.768115022314472,-24.965976510011497,-24.20637583386245,-23.488578494081253,-22.810567973850556,-22.169775589893717,-21.563477131217617,-20.98900036020929,-20.44382661471542,-19.925633923737102,-19.432308471739635,-18.96193953841393,-18.512806393304217,-18.083361847697134,-17.672215018154546,-17.27811463580146,-16.899933545834944,-16.53665465664015,-16.187358387902847,-15.851211557580143,-15.527457595323737,-15.21540794984359,-14.914434555167695,-14.623963227350053,-14.34346787405542,-14.07246541187305,-13.810511298688803,-13.557195600205347,-13.31213952039084,-13.074992335141582,-12.845428676773277,-12.623146124188253,-12.407863059806726,-12.199316759714804,-11.997261688082615,-11.801467970845962,-11.611720027018952,-11.427815338893474,-11.249563344857204,-11.076784440684758,-10.909309076980298,-10.746976942017834,-10.589636220576411,-10.43714292053291,-10.289360259982452,-10.1461581085289,-10.007412477144522,-9.873005051655866,-9.74282276548534,-9.616757407777861,-9.494705263478638,-9.376566782310467,-9.26224627393463,-9.151651626874223,-9.044694049038513,-8.941287827916007,-8.841350108706147,-8.744800688839057,-8.651561827491363,-8.561558068847496,-8.474716077981336,-8.390964488345142,-8.31023375995257,-8.23245604743193,-8.157565077206051,-8.085496033126603,-8.016185449955593,-7.9495711141444385,-7.885591971413509,-7.824188040682095,-7.765300333941325,-7.708870781701142,-7.654842163677216,-7.60315804441535,-7.553762713579493,-7.5066011306555325,-7.461618873846593,-7.4187620929570075,-7.377977466081546,-7.339212159934203,-7.3024137936667355,-7.267530406041768,-7.234510425838252,-7.203302645379006,-7.1738561970805526,-7.1461205329350586,-7.120045406842605,-7.0955808597195045,-7.07267720731486,-7.051285030673361,-7.031355169186955,-7.012838716182187,-6.9956870169932195,-6.979851669473057,-6.965284526897237,-6.951937703215538,-6.939763580607538,-6.928714819297776,-6.918744369585475,-6.909805486042418,-6.901851743830569,-6.8948370570886315,-6.8887156993336776,-6.8834423258205755,-6.878971997797951,-6.875260208595143,-6.872262911469819,-6.8699365491409425,-6.868238084926363,-6.8671250353987165,-6.866555504467513,-6.8664882187893514,-6.866882564402115,-6.867698624472953,-6.868897218043859,-6.870439939652487,-6.872289199700397,-6.874408265434992,-6.876761302406379,-6.8793134162553375,-6.88203069468419,-6.884880249458281,-6.8878302582824595,-6.890850006394061,-6.893909927711847,-6.896981645379004,-6.900038011537605,-6.9030531461723745,-6.906002474862561,-6.9088627652828585,-6.911612162297242,-6.914230221493445,-6.916697941010732,-6.918997791519245,-6.921113744216131,-6.923031296710987,-6.924737496681914,-6.926220963192485,-6.9274719055702505,-6.928482139757994,-6.929245102060525,-6.929755860221571,-6.930011121778104,-6.930009239651963,-6.929750214952031,-6.929235696973497,-6.9284689803941735,-6.927454999681336,-6.92620032073591,-6.924713129813966,-6.923003219778354,-6.921081973745781,-6.918962346206636,-6.916658841706214,-6.914187491186884,-6.911565826100717,-6.908812850411419,-6.905949010612917,-6.9029961638994655,-6.899977544628965,-6.896917729226844,-6.893842599682756,-6.890779305796238,-6.887756226330453,-6.884802929235062,-6.881950131100582,-6.879229656006665,-6.876674393926306,-6.874318258846458,-6.8721961467636365,-6.870343893710044,-6.868798233962585,-6.867596758582929,-6.86677787443247,-6.866380763801017,-6.86644534478277,-6.867012232527677,-6.868122701490283,-6.8698186487924175,-6.87214255880987,-6.8751374690872105,-6.878846937678823,-6.88331501200829,-6.888586199332422,-6.894705438890707,-6.901718075815431,-6.909669836872867,-6.918606808101054,-6.928575414405404,-6.939622401169445,-6.951794817934571,-6.965140004199563,-6.979705577388349,-6.995539423032335,-7.0126896872124185,-7.031204771304898,-7.051133329075384,-7.072524266165292,-7.095426742016492,-7.11989017428169,-7.1459642457704575,-7.173698913984175,-7.203144423297159,-7.234351319846014,-7.267370469194993,-7.302253076851627,-7.339050711714389,-7.377815332542557,-7.418599317548057,-7.461455497219504,-7.5064371905006775,-7.553598244458561,-7.602993077590718,-7.654676726937729,-7.708704899183956,-7.765134025949589,-7.82402132349808,-7.88542485710682,-7.949403610374846,-8.016017559770063,-8.08532775474993,-8.157396403824539,-8.232286966969445,-8.310064254838203,-8.390794535271732,-8.474545647653844,-8.561387125720362,-8.651390329493564,-8.744628587085769,-8.841177347195538,-8.941114343209662,-9.044519769923758,-9.15147647400646,-9.262070159457545,-9.376389609451719,-9.494526926118398,-9.616577789987197,-9.742641741031102,-9.872822483468335,-10.007228216743574,-10.145971995403926,-10.289172120920696,-10.436952568890053,-10.589443455482613,-10.746781547511299,-10.909110821059544,-11.076583074269388,-11.249358600645563,-11.427606930103998,-11.61150764599981,-11.801251287535667,-11.997040348301171,-12.199090383262224,-12.407631238341734,-12.622908418855836,-12.845184615544447,-13.074741409822746,-13.311881183252734,-13.556929260173005,-13.810236317023714,-14.072181097266181,-14.343173477035386,-14.623657933892796,-14.914117479373225,-15.215078125519943,-15.52711396628849,-15.850852966454024,-16.186983563128305,-16.53626219740862,-16.899521904551595,-17.277682097654704,-17.671759677295075,-18.082881579473923,-18.512298821970028,-18.96140199973011,-19.431737970037744,-19.925027083340417,-20.443179626382374,-20.988308924799597,-21.56273640576788,-22.168980146964877,-22.8097117956668,-23.487655042847297,-24.205378276407256,-24.964898242041578,-25.766950756847873,-26.609687164427985,-27.48641999476712,-28.381924534027114,-29.266956021579258,-30.091775550645018,-30.782768097909138,-31.251235868966635,-31.422370927640777,-31.273214436586358,-30.84655692671037,-30.225868608085232,-29.497207102294873,-28.726762226388352,-27.9571265290024,-27.212410825177187,-26.504634372438197,-25.83864124091653,-25.215285367424674,-24.633333175486737,-24.090550933830357,-23.58430765034275,-23.111899356169147,-22.670715991677007,-22.25832051856266,-21.87247981629976,-21.511169723387567,-21.172566810295447,-20.85503392132062,-20.557103367981068,-20.27745986253172,-20.014924262097725,-19.768438620204456,-19.537052724039626,-19.3199121240692,-19.11624757499272,-18.92536576713483,-18.746641214116757,-18.57950916377041,-18.423459407664925,-18.278030876261205,-18.14280691933131,-18.017411183657916,-17.901504011552905,-17.794779294144007,-17.696961722606805,-17.607804388607036,-17.527086692255143,-17.454612521974507,-17.390208675964683,-17.333723499512597,-17.28502571637351,-17.244003435902084,-17.210563320645594,-17.184629901788917,-17.166145032228815,-17.15506746921021,-17.15137258042956,-1.3643160201499107,-0.7279016518560022,-0.759477324787194,1.6026640832400951,0.7765024321819554,1.0259515736457403
-10.99863370458689,-11.00070584903637,-11.007001409658375,-11.017527776253077,-11.032297321847524,-11.051327454887161,-11.074640693012272,-11.102264759079654,-11.134232700295827,-11.170583031547267,-11.211359904248956,-11.256613302289173,-11.306399266930198,-11.360780152836343,-11.419824917748556,-11.48360944871528,-11.55221692822981,-11.625738244124905,-11.70427244764564,-11.787927264775039,-11.876819666638356,-11.971076505679228,-12.07083522530578,-12.176244651872963,-12.287465879229897,-12.404673257656038,-12.528055500882214,-12.657816927098898,-12.794178852461265,-12.937381158692531,-13.087684060065827,-13.245370099436315,-13.410746408255712,-13.584147271823335,-13.765937048652424,-13.956513502056058,-14.156311613258005,-14.36580795897628,-14.5855257530947,-14.816040672459136,-15.05798761191538,-15.312068544567909,-15.5790617012544,-15.85983233005262,-16.15534535419078,-16.46668031714846,-16.79504908911487,-17.141816910838156,-17.508527469007284,-17.896932827144184,-18.309029163691715,-18.747099361078657,-19.213763472095255,-19.712037806129587,-20.245402500717418,-20.81787529416118,-21.43408437566679,-22.099322678549676,-22.819543457436552,-23.60120884530943,-24.45080011134123,-25.37357912023591,-26.370735379430354,-27.43318269448936,-28.528999669314086,-29.581534483419883,-30.444432367582692,-30.911898398945247,-30.822739443273978,-30.1968159827626,-29.216016610593,-28.079470689107012,-26.91900592583145,-25.800612020926714,-24.75044204007462,-23.774879987310978,-22.87160185472746,-22.03494644088222,-21.25835917238573,-20.53543904203382,-19.860340961190065,-19.227888554673807,-18.633562511017708,-18.073440556760335,-17.54412349057063,-17.04266223553337,-16.566491792296873,-16.11337381656077,-15.681347717192063,-15.268689445676394,-14.873876933079726,-14.495561142932429,-14.13254181141654,-13.783747076133615,-13.448216323006024,-13.125085696032954,-12.813575813275007,-12.512981314810354,-12.222661936190661,-11.942034856264737,-11.670568113231646,-11.407774919310963,-11.153208734073715,-10.906458980583588,-10.667147308134409,-10.43492432140341,-10.209466708970218,-9.990474714937465,-9.77766990627708,-9.570793195875636,-9.36960308734841,-9.173874112766367,-8.983395438677666,-8.797969619355705,-8.617411479189762,-8.441547108650326,-8.27021296038944,-8.103255033841155,-7.9405281382237005,-7.781895225154857,-7.627226783213605,-7.476400287743001,-7.32929970001666,-7.185815010604818,-7.045841822392713,-6.909280969239015,-6.776038166725845,-6.6460236918567865,-6.519152088911636,-6.395341898975432,-6.274515410929186,-6.156598431927591,-6.041520075597213,-5.929212566373032,-5.819611058553674,-5.712653468799235,-5.608280320923216,-5.506434601943026,-5.407061628454313,-5.31010892248354,-5.21552609605356,-5.123264743768124,-5.033278342785054,-4.945522159605183,-4.859953163155511,-4.776529943691045,-4.69521263708152,-4.615962854086301,-4.5387436142548925,-4.46351928412066,-4.390255519382993,-4.318919210798322,-4.249478433522647,-4.181902399669115,-4.116161413862721,-4.052226831591011,-3.9900710201655043,-3.929667322122223,-3.870990020902928,-3.8140143086701537,-3.758716256120107,-3.705072784167088,-3.653061637382428,-3.6026613590789114,-3.553851267939465,-3.5066114360958456,-3.46092266856945,-3.4167664839924123,-3.3741250965325835,-3.3329813989510355,-3.29331894672551,-3.2551219431775724,-3.2183752255451865,-3.1830642519462837,-3.149175089182392,-3.1166944013346036,-3.0856094391071864,-3.055908029877221,-3.0275785684109247,-3.000610008210276,-2.9749918534555726,-2.950714151512015,-2.9277674859704046,-2.9061429701940784,-2.885832241346131,-2.866827454872723,-2.8491212794200327,-2.8327068921641447,-2.8175779745345233,-2.803728708313549,-2.7911537720957535,-2.779848338092105,-2.769808069265773,-2.7610291167874057,-2.753508117799066,-2.747242193477328,-2.7422289473872623,-2.738466464120261,-2.73595330820986,-2.734688523320856,-2.7346716317083013,-2.7359026339439776,-2.7383820089092477,-2.7421107140542373,-2.7470901859245345,-2.7533223409576446,-2.7608095765527723,-2.7695547724184992,-2.779561292204236,-2.7908329854224445,-2.8033741896699316,-2.817189733157713,-2.832284937560128,-2.8486656211954315,-2.866338102551133,-2.8853092041689115,-2.9055862569053135,-2.9271771045858563,-2.9500901090717746,-2.974334155760112,-2.9999186595396243,-3.0268535712265825,-3.0551493845064996,-3.0848171434095226,-3.1158684503494123,-3.148315474758059,-3.1821709623496695,-3.2174482450512154,-3.254161251638221,-3.292324519117557,-3.331953204901935,-3.3730630998236277,-3.4156706420383975,-3.459792931873987,-3.5054477476812966,-3.5526535627504985,-3.6014295633585407,-3.6517956680193393,-3.7037725480128696,-3.7573816492750094,-3.812645215735789,-3.869586314200197,-3.9282288608726983,-3.9885976496341846,-4.050718382188344,-4.114617700203481,-4.180323219585617,-4.247863567029416,-4.317268419005261,-4.3885685433536,-4.461795843671755,-4.536983406693839,-4.614165552881321,-4.6933778904604795,-4.7746573731633575,-4.858042361951532,-4.943572691026826,-5.031289738460723,-5.121236501804436,-5.213457679075548,-5.307999755554146,-5.404911096863126,-5.504242048853058,-5.606045044863562,-5.710374720989817,-5.817288040047108,-5.92684442499692,-6.039105902678227,-6.154137258776734,-6.272006205065294,-6.392783560061249,-6.516543444373849,-6.643363492157993,-6.773325080252642,-6.906513576765843,-7.0430186110762865,-7.1829343674581185,-7.3263599048049555,-7.47339950523679,-7.6241630547248604,-7.778766459272739,-7.937332100654589,-8.099989336244315,-8.266875048084174,-8.438134247052213,-8.61392073881248,-8.79439785919017,-8.979739287730705,-9.170129949507018,-9.365767016768924,-9.566861023825854,-9.773637110673253,-9.986336413377359,-10.205217622203547,-10.430558732006752,-10.662659013618768,-10.901841240015873,-11.148454207113971,-11.402875596347313,-11.66551523502376,-11.93681882117124,-12.2172721926382,-12.507406236140195,-12.807802551445784,-13.119100009828086,-13.442002375338447,-13.777287193689569,-14.125816198143724,-14.488547536630904,-14.866550191432545,-15.261021044238465,-15.673305136843583,-16.10491979133215,-16.557583379772524,-17.033249660598052,-17.534148698319868,-18.06283539122272,-18.622246412598386,-19.21576564204206,-19.84729633785589,-20.521334159697147,-21.243026133963774,-22.0181813417905,-22.853157904893102,-23.754462876302902,-24.727714369700063,-25.775224248705864,-26.890695416232347,-28.048316673210486,-29.182983445778305,-30.16456328817338,-30.795848713906565,-30.894824348395215,-30.438243407356058,-29.58380944433469,-28.536426488400704,-27.443231238424453,-26.381865780636076,-25.38494744089968,-24.461971089418316,-23.611971566240264,-22.829806928816176,-22.10905904937233,-21.443298370290286,-20.82658774723017,-20.25364147472411,-19.71983381926034,-19.22114697586178,-18.754099458862765,-18.31567301569405,-17.90324543311251,-17.51453165525175,-17.147533423413556,-16.800496737647133,-16.471876138114435,-16.160304776464987,-15.864569333622073,-15.583588964665921,-15.316397579334982,-15.06212888360185,-14.820003708957632,-14.58931924101539,-14.369439829225037,-14.159789116915125,-13.959843277625872,-13.76912518167784,-13.587199347766779,-13.41366755945285,-13.248165046836517,-13.090357150387376,-12.939936397543192,-12.796619933905022,-12.660147260088923,-12.530278232925752,-12.406791296030619,-12.28948191002905,-12.178161157124318,-12.072654498373705,-11.972800665137335,-11.878450668774095,-11.789466914868461,-11.705722410146821,-11.62710005183941,-11.553491990608023,-11.484799059330035,-11.420930261035128,-11.361802310159987,-11.307339222038536,-11.257471946199583,-11.212138039615326,-11.171281376544462,-11.134851892055742,-11.102805356708123,-11.075103180211986,-11.051712242208474,-11.032604748585314,-11.017758112005055,-11.007154855557218,-11.000782538665469,-10.99863370458689,-0.5095298497505087,-1.758153147101946,-1.3379569257955046,0.7329307599162207,0.6994823906324719,1.9885142134271738
-1.4489412536371635,-1.4508366534974282,-1.4565253434337402,-1.4660122869808365,-1.4793057749897431,-1.4964174547501865,-1.5173623710413187,-1.5421590193958035,-1.570829411949482,-1.6033991563398973,-1.6398975482132947,-1.6803576780026384,-1.724816552749762,-1.773315233864198,-1.8258989918415915,-1.882617479107107,-1.9435249223058058,-2.0086803355353107,-2.078147756207644,-2.15199650544076,-2.2303014751181163,-2.3131434440208127,-2.4006094257348938,-2.4927930513715064,-2.5897949905137034,-2.6917234142281354,-2.7986945044575946,-2.910833014649761,-3.028272887086363,-3.151157933063959,-3.2796425828530773,-3.413892713236683,-3.5540865614129062,-3.7004157351519167,-3.853086330333137,-4.012320168365356,-4.178356167513401,-4.351451863819748,-4.531885099105416,-4.719955895431493,-4.91598853734328,-5.120333885104284,-5.333371943789334,-5.555514714280915,-5.78720935247902,-6.028941661742479,-6.281239939719275,-6.544679192748857,-6.819885716551593,-7.107542017311072,-7.408392006890606,-7.723246341152087,-8.052987667775078,-8.398575388811793,-8.761049291033089,-9.141531003168508,-9.541221623746686,-9.961392901171905,-10.403367842391443,-10.86848427152069,-11.35803118404785,-11.873142042788876,-12.414620449647257,-12.982660680057467,-13.5764073607031,-14.193275792240874,-14.827933648563397,-15.470848299053685,-16.106388233608108,-16.710743297426582,-17.250537631599563,-17.68391334201321,-17.96633043900924,-18.061680061104436,-17.95475471654207,-17.657376454819786,-17.20358307313116,-16.637524801191645,-16.0018371836643,-15.331116079708327,-14.650344842052451,-13.976081632965604,-13.318516135654079,-12.683415547913857,-12.073637625188983,-11.49020040750192,-10.932999786164551,-10.401275850674027,-9.893909571243894,-9.409608279274963,-8.947019504733598,-8.504799145444071,-8.08165075495205,-7.676346708496013,-7.287738114421774,-6.914757843313387,-6.5564194520719745,-6.2118137608001645,-5.880104188377625,-5.560521535277003,-5.252358634998457,-4.954965124702157,-4.667742476837189,-4.390139364782696,-4.121647392563503,-3.8617971924224426,-3.6101548784912465,-3.366318836142076,-3.129916822310676,-2.900603350522421,-2.6780573344596315,-2.4619799649921434,-2.252092797209176,-2.048136025856397,-1.8498669295211092,-1.6570584658136736,-1.4694980016027603,-1.2869861640425206,-1.1093357996681106,-0.9363710302280727,-0.7679263951739052,-0.6038460718453773,-0.44398316538616367,-0.2881990613088039,-0.13636283441162028,0.011649291555691107,0.15595443846736787,0.29666352708449184,0.433881692972028,0.5677086686118851,0.6982391348780284,0.8255630447067195,0.9497659215001368,1.0709291345398666,1.1891301534545455,1.3044427835795949,1.4169373838633692,1.5266810688105816,1.6337378958081739,1.7381690390488835,1.840032951151413,1.939385513472505,2.0362801760130784,2.130768087737311,2.2228982180488446,2.3127174701010595,2.4002707865580977,2.485601248368965,2.5687501670680306,2.6497571710712298,2.728660286397357,2.805496012207799,2.880299391525641,2.9531040774654036,3.023942395278114,3.092845400492115,3.15984293340795,3.224963670185849,3.288235170745899,3.3496839236846716,3.4093353883967374,3.467214034576008,3.523343379258954,3.5777460215604773,3.6304436752426255,3.681457199246618,3.730806626309899,3.778511189781737,3.8245893487434444,3.8690588115323727,3.9119365577624823,3.953238858928432,3.9929812976746537,4.0311787858058405,4.067845581110583,4.102995303065517,4.136640947483259,4.168794900163547,4.199468949603503,4.2286742988194295,4.256421576329505,4.282720846343589,4.307581618203624,4.331012855115264,4.3530229822088735,4.373619893965452,4.392810961040718,4.410603036518261,4.4270024616203685,4.44201507090311,4.455646196960037,4.4679006746568515,4.478782844917414,4.488296558079483,4.496445176836618,4.503231578780814,4.508658158558626,4.512726829651517,4.515439025789501,4.51679570200529,4.516797335334281,4.515443925163992,4.51273499323473,4.508669583291499,4.503246260385387,4.496463109820752,4.4883177357429895,4.478807259359517,4.467928316785099,4.45567705650062,4.442049136412625,4.42703972049906,4.410643475024775,4.392854564308407,4.373666646020223,4.3530728659887,4.331065852491331,4.307637710003185,4.282780012374621,4.256483795407129,4.228739548794254,4.199537207391884,4.168866141779864,4.13671514807427,4.1030724369468645,4.0679256218055295,4.031261706086351,3.993067069604852,3.9533274539105916,3.9120279465856136,3.869152964423541,3.8246862354219004,3.778610779516023,3.7309088879780195,3.681562101399467,3.630551186170753,3.5778561093644115,3.5234560119232268,3.467329180047062,3.40945301466492,3.349803998870533,3.2883576631910207,3.225088548548432,3.159970166763482,3.0929749584393584,3.0240742480507716,2.9532381960497593,2.8804357477846536,2.8056345790119486,2.7288010377628105,2.6499000823057495,2.5688952149252176,2.485748411211481,2.400420044530465,2.3128688053128705,2.223051614769169,2.130923532601249,2.036437658241472,1.9395450251059734,1.8401944872999958,1.738332598158698,1.6339034799467673,1.5268486839726605,1.4171070402990835,1.3046144961475072,1.1893039420019609,1.0711050243134053,0.9499439435897654,0.8257432365270849,0.6984215406911741,0.5678933400962392,0.43406868984310404,0.29685291777355266,0.1561463008651534,0.011843713829402731,-0.13616575291864755,-0.28799920908403576,-0.44378041764885423,-0.6036402893272308,-0.7677174227627215,-0.9361586954549401,-1.109119911015563,-1.286766509047166,-1.4692743447215204,-1.6568305460171981,-1.8496344575714463,-2.0478986812183253,-2.251850224534963,-2.461731770108209,-2.6778030797696095,-2.9003425497240807,-3.129648934303564,-3.36604325797682,-3.6098709371800752,-3.861504135391126,-4.121344376476122,-4.389825442409513,-4.667416581559129,-4.954626052149041,-5.252005021195388,-5.560151830518512,-5.879716625851355,-6.211406318729852,-6.555989807827394,-6.914303317523571,-7.287255602604137,-7.675832597050034,-8.081100817536042,-8.504208414734105,-8.946382113358567,-9.408917262391583,-9.89315662195735,-10.400451018807823,-10.932091111809914,-11.48919348558196,-12.072515110473912,-12.682156640255295,-13.31709614871083,-13.974471873482335,-14.648513249513982,-15.329029430859286,-15.999466105928006,-16.634853038616832,-17.200621494533124,-17.65417877479005,-17.951425871748057,-18.05836517568531,-17.963181618381178,-17.681050356656804,-17.24802541632484,-16.708594095289936,-16.104578447426746,-15.46933681199947,-14.826674873421704,-14.192226786536038,-13.575530762884956,-12.981925320918018,-12.414000893689181,-11.87261775253311,-11.357585638876607,-10.868104176318038,-10.403042465885585,-9.961113542372885,-9.5409811896541,-9.141323677552784,-8.760870275512726,-8.398420700412245,-8.05285398027535,-7.723130860284753,-7.408292371723433,-7.10745622192317,-6.819812047496587,-6.544616178851957,-6.281186311556763,-6.02889631876085,-5.787171336173563,-5.555483186205496,-5.33334616743844,-5.120313210914322,-4.915972390219647,-4.719943764330397,-4.531876528295607,-4.351446445523718,-4.178353535686519,-4.012319993417664,-3.8530883146353117,-3.700419609196104,-3.554092080522491,-3.4138996547380662,-3.279650743637466,-3.151167127479682,-3.028282945112142,-2.9108437803075677,-2.7987058344305025,-2.691735176654011,-2.589807063930216,-2.492805323791732,-2.4006217938358616,-2.3131558124301024,-2.230313755785752,-2.1520086170854165,-2.07815962382797,-2.0086918899782575,-1.943536099885096,-1.8826282212659504,-1.8259092448545253,-1.7733249485735456,-1.724825684333067,-1.6803661857675867,-1.6399053954174585,-1.603406310032691,-1.5708358428342923,-1.5421647017104902,-1.5173672824554973,-1.4964215762779651,-1.4793090909168924,-1.4660147848053853,-1.4565270138192996,-1.4508374902387053,-1.448941253637162,-0.6856487603298818,-0.03266383122516503,-1.6999527631169995,0.8798544666252965,1.3144930907916224,1.9642959032363065
-10.629980826919477,-10.631893168101383,-10.637479368936138,-10.64674439241408,-10.65969649454049,-10.67634725507832,-10.696711620818235,-10.72080796170065,-10.7486581402141,-10.780287594599141,-10.815725436499193,-10.85500456382028,-10.898161789692493,-10.945237988569483,-10.996278260660056,-11.051332116061038,-11.110453680155645,-11.173701922060346,-11.241140908149099,-11.312840082962248,-11.388874580122753,-11.469325566242185,-11.554280621209523,-11.643834158727183,-11.738087891500681,-11.83715134611388,-11.941142433346288,-12.050188080530024,-12.164424933524543,-12.284000137032901,-12.409072203327497,-12.539811981034429,-12.676403737493207,-12.819046370421187,-12.967954767244244,-13.123361333597284,-13.285517716264636,-13.454696750363377,-13.63119466605144,-13.815333596694233,-14.007464438536294,-14.207970121867938,-14.417269365924687,-14.635821004924479,-14.864128991532144,-15.102748207692303,-15.352291242570537,-15.613436335126043,-15.886936727063741,-16.17363173389125,-16.47445992203574,-16.790474884613616,-17.122864245985816,-17.47297270747659,-17.842330190106487,-18.23268645817539,-18.64605405300231,-19.084761975924017,-19.551523400216855,-20.049521856369946,-20.58252195251776,-21.155012929059417,-21.7723963935889,-22.441233568448634,-23.16957208412351,-23.967376266312513,-24.847082381763602,-25.82427294270319,-26.9183527525795,-28.152722860387,-29.552657751993785,-31.13482756663074,-32.86914613251807,-34.564664946535736,-35.67377046435225,-35.502681317894854,-34.16083713361941,-32.380477962767145,-30.624211847727235,-29.034105662484436,-27.62457563870943,-26.375395413448626,-25.261236262332012,-24.259464462252417,-23.351502769948258,-22.522469799062925,-21.76048267002248,-21.056003737429272,-20.401312500783,-19.790098953600396,-19.217155273994816,-18.67814248844551,-18.16941307459971,-17.68787507894003,-17.23088711460927,-16.796176467791348,-16.381774633417084,-15.985966111342298,-15.60724738192273,-15.244293765618867,-14.895932442032294,-14.561120321396267,-14.238925769543334,-13.928513416407668,-13.629131449852798,-13.34010092644165,-13.06080672969841,-12.79068988238659,-12.52924097810867,-12.275994543336628,-12.030524176919569,-11.79243834249549,-11.561376711787982,-11.337006974799618,-11.119022047410997,-10.907137618614758,-10.701089989138255,-10.500634160987559,-10.30554214382892,-10.115601449386473,-9.930613749392174,-9.750393676247057,-9.574767748577353,-9.403573406403918,-9.2366581427752,-9.073878720514065,-8.915100464253047,-8.76019661922829,-8.609047769406812,-8.461541308466254,-8.317570957956237,-8.177036327667102,-8.03984251383262,-7.905899731312709,-7.775122976352683,-7.647431716906744,-7.522749607854484,-7.401004228736769,-7.282126841897866,-7.166052169148983,-7.052718185269265,-6.942065926836866,-6.834039315038711,-6.728584991245404,-6.625652164259735,-6.525192468255572,-6.4271598305200985,-6.331510348198027,-6.238202173312829,-6.1471954054082545,-6.05845199121421,-5.9719356307960965,-5.887611689695333,-5.805447116613164,-5.725410366229267,-5.647471326782441,-5.5716012520729645,-5.497772697575103,-5.425959460374737,-5.356136522670804,-5.288279998600888,-5.222367084170938,-5.158376010086757,-5.09628599730145,-5.036077215107355,-4.977730741614884,-4.921228526472712,-4.866553355695132,-4.813688818472686,-4.762619275851566,-4.713329831175993,-4.665806302195656,-4.620035194747741,-4.576003677929618,-4.533699560684632,-4.49311126972906,-4.454227828753662,-4.417038838838088,-4.381534460021005,-4.347705393972952,-4.315542867722932,-4.285038618393305,-4.256184878901027,-4.228974364586443,-4.203400260733735,-4.179456210950053,-4.157136306372841,-4.1364350756775,-4.117347475859655,-4.099868883768757,-4.0839950883715375,-4.069722283726204,-4.057047062649792,-4.045966411063187,-4.036477702999951,-4.02857869626682,-4.022267528745382,-4.017542715325972,-4.014403145466499,-4.012848081370243,-4.012877156778365,-4.014490376374187,-4.017688115797824,-4.022471122271165,-4.028840515834753,-4.036797791199407,-4.04634482021705,-4.057483854976641,-4.070217531532584,-4.084548874274655,-4.100481300949919,-4.118018628348924,-4.137165078669953,-4.157925286577083,-4.180304306969474,-4.204307623481239,-4.22994115773335,-4.257211279360983,-4.286124816842062,-4.316689069155003,-4.348911818296155,-4.382801342690118,-4.4183664315288596,-4.455616400078533,-4.494561105996126,-4.535210966701458,-4.577576977853708,-4.621670732985547,-4.66750444435225,-4.7150909650576445,-4.76444381252369,-4.81557719337583,-4.868506029821925,-4.923245987608874,-4.9798135056477335,-5.038225827405508,-5.098501034169764,-5.16065808030084,-5.224716830596012,-5.290698099900162,-5.3586236951089585,-5.428516459722678,-5.500400321122595,-5.574300340756443,-5.6502427674359215,-5.728255093966937,-5.808366117353183,-5.8906060028350655,-5.975006352050163,-6.061600275627574,-6.15042247055802,-6.241509302713535,-6.3348988949267095,-6.430631221079172,-6.528748206693079,-6.629293836568876,-6.732314270067176,-6.837857964694205,-6.945975808718446,-7.056721263623061,-7.170150517284611,-7.286322648865252,-7.405299806514442,-7.527147399098717,-7.651934303316629,-7.779733087712667,-7.910620255281467,-8.044676506555463,-8.181987025298596,-8.322641789190614,-8.466735908185566,-8.61436999357105,-8.765650561148137,-8.920690472404745,-9.07960941807785,-9.242534449103962,-9.409600560658363,-9.580951335798106,-9.756739656174284,-9.937128488390481,-10.122291755887943,-10.312415307772657,-10.507697997811212,-10.708352888969062,-10.914608601417012,-11.126710824978247,-11.344924020637388,-11.569533340123403,-11.800846797880942,-12.039197736178675,-12.284947631945002,-12.538489303525342,-12.80025058737518,-13.070698569328194,-13.350344473272413,-13.63974933283142,-13.939530600300873,-14.250369883383602,-14.573022046539435,-14.90832597316816,-15.257217361650884,-15.620744028328923,-16.000084321851393,-16.39656942715082,-16.811710569243708,-17.247232439113834,-17.70511458728818,-18.187643109646586,-18.697475747425507,-19.237724628053154,-19.812062408257425,-20.424859708357065,-21.08136463915003,-21.787939078085117,-22.552371036786717,-23.38428684025719,-24.295686422961666,-25.301604821133104,-26.420814646653284,-27.676172297097594,-29.093162753614912,-30.69171896179219,-32.45532470483374,-34.234200591732574,-35.54935426951191,-35.66789772316102,-34.51890863603946,-32.81073216524994,-31.077463200701718,-29.500346083321062,-28.105935819281424,-26.876564698375304,-25.786775012684405,-24.813216253235865,-23.936586133885648,-23.141402710916807,-22.415314839429755,-21.748426801032615,-21.13274537513163,-20.56175237708655,-20.03008036258459,-19.53326738437154,-19.067570806784516,-18.629824932427635,-18.217331179550683,-17.827772580724574,-17.459146594645777,-17.10971182683968,-16.777945409392196,-16.4625086226279,-16.162218945732636,-15.876027164610653,-15.60299849019386,-15.342296881653589,-15.093171949557554,-14.854947950330706,-14.627014487102937,-14.40881861156997,-14.199858082952815,-13.99967558797054,-13.80785376322186,-13.624010890936587,-13.447797162527554,-13.278891423117486,-13.116998325270457,-12.96184583231784,-12.813183021542198,-12.670778145539504,-12.534416916687153,-12.403900985087848,-12.279046584863371,-12.15968332741442,-12.045653123385758,-11.936809217691597,-11.833015324155895,-11.734144848178765,-11.64008018741229,-11.550712101765736,-11.465939145199396,-11.38566715274155,-11.309808776999674,-11.23828306915777,-11.171015100073989,-11.107935617632133,-11.048980736969558,-10.99409166061271,-10.943214425909556,-10.896299677462268,-10.853302462540459,-10.814182047700383,-10.778901755053067,-10.747428816818962,-10.719734246980838,-10.695792729004026,-10.675582518736162,-10.659085361728732,-10.646286424343451,-10.637174238117924,-10.631740656969972,-10.629980826919477,-1.53133958249805,-0.5334700333070623,-0.9291866370213084,0.5218313027903341,1.0557472434677555,1.2819690671634256
-2.3516193052584615,-2.3537291546599617,-2.36006140143755,-2.370622134207162,-2.385421523566533,-2.404473859885466,-2.427797606590464,-2.4554154693277512,-2.4873544815055832,-2.5236461068388194,-2.564326359647848,-2.6094359438010137,-2.6590204113366793,-2.713130341959163,-2.771821544774279,-2.835155283816486,-2.903198529123153,-2.976024235334114,-3.053711650039112,-3.1363466543641754,-3.2240221385831096,-3.3168384158649236,-3.414903677624465,-3.5183344943344066,-3.6272563660840493,-3.7418043276353825,-3.862123613229646,-3.988370386936686,-4.12071254490999,-4.259330596503883,-4.404418631810934,-4.556185383763757,-4.71485539347864,-4.880670287943878,-5.053890179390516,-5.234795195606203,-5.423687149887622,-5.6208913580160775,-5.82675860721306,-6.041667277949266,-6.266025612963013,-6.500274117763957,-6.744888061618112,-7.000380025149244,-7.267302406775851,-7.546249750151994,-7.8378606811390235,-8.142819134635108,-8.46185439265301,-8.79573922146777,-9.145285052156614,-9.51133264339573,-9.89473592172178,-10.296335602167566,-10.716917594592811,-11.157148884287405,-11.61748026797406,-12.098000734167563,-12.598222214131805,-13.116766175369479,-13.650916668557,-14.196002623649406,-14.744586319303487,-15.285486486696467,-15.802787137552354,-16.27520853544224,-16.67651749779028,-16.97783208663371,-17.152300102567,-17.18134686128917,-17.06001777389671,-16.79853808753326,-16.419147429640443,-15.950076209681667,-15.419653910307428,-14.85247243741396,-14.267850456461417,-13.679889929384348,-13.098296212243026,-12.529393279469453,-11.977050560131852,-11.443424678802629,-10.929512244974989,-10.435544720910615,-9.961263008107942,-9.506104933810585,-9.069331494333248,-8.65011079522667,-8.247573094612838,-7.860846254314959,-7.489077983934065,-7.131449231615289,-6.787181679580453,-6.45554135007914,-6.135839679515659,-5.8274329782218,-5.529720894088557,-5.242144294730233,-4.964182844321313,-4.695352456935754,-4.43520274405174,-4.183314530310534,-3.9392974821377313,-3.7027878740145983,-3.4734465039930806,-3.2509567613965986,-3.0350228441084237,-2.8253681194306655,-2.621733620518339,-2.4238766693820866,-2.231569617084692,-2.0445986918051,-1.86276294575519,-1.6858732924029267,-1.513751626009092,-1.3462300160756022,-1.1831499698996686,-1.0243617570094146,-0.8697237898110253,-0.7191020552972825,-0.5723695931498851,-0.42940601601152406,-0.2900970681091324,-0.15433421877889844,-0.022014287777782783,0.10696090043097851,0.2326848359582569,0.3552466186290718,0.4747312310548282,0.5912197915110067,0.7047897883145966,0.8155152972344447,0.9234671833230202,1.028713288427859,1.1313186055239202,1.2313454409027076,1.3288535651593083,1.4239003538329942,1.5165409184802505,1.606828228889756,1.6948132270862402,1.7805449337139487,1.8640705473392605,1.9454355371663279,2.024683729617779,2.1018573891951604,2.1769972939996687,2.250142806263141,2.32133193821125,2.390601413555765,2.4579867248899188,2.5235221872401032,2.587240988008505,2.649175233524122,2.7093559924043586,2.7678133359151422,2.824576375505077,2.8796732976773454,2.9331313963527683,2.9849771028678296,3.0352360137427796,3.0839329163471407,3.1310918125826777,3.176735940697377,3.2208877953380566,3.263569145943685,3.304801053576582,3.344603886284057,3.3829973330787806,3.4200004166224156,3.4556315046933177,3.489908320515831,3.5228479520256113,3.554466860142418,3.584780886119094,3.613805258032878,3.641554596482597,3.668042919552984,3.693283647105007,3.7172896044488226,3.7400730254538073,3.761645555147894,3.782018251856338,3.8012015889278383,3.819205456093817,3.836039160504546,3.851711427483587,3.8662304010398008,3.8796036441740562,3.8918381390154257,3.9029402868194185,3.91291590785847,3.9217702412325526,3.9295079446253647,3.936133094029197,3.941649183458983,3.9460591246736683,3.949365246920458,3.951569296714932,3.952672437667482,3.9526752503639155,3.951577732305445,3.9493792979107005,3.946078778579753,3.941674422817527,3.936163896411365,3.9295442826548928,3.9218120826077407,3.9129632153781095,3.902993018412635,3.891896247775397,3.879667078395586,3.8662991042606674,3.8517853385296625,3.8361182135386205,3.819289580668067,3.801290710039891,3.7821122900088744,3.7617444264117026,3.740176641534259,3.7173978727556625,3.6933964708253875,3.668160197727687,3.641676224085338,3.6139311260526146,3.584910881645251,3.5546008664529416,3.52298584867774,3.490049983439503,3.4557768062871204,3.4201492258519335,3.3831495155772773,3.344759304455365,3.3049595667000693,3.263730610281217,3.2210520642427953,3.1769028647243234,3.1312612396008026,3.084104691653016,3.035409980175514,2.985153100925222,2.9333092643085283,2.879852871699204,2.824757489773668,2.7679958227434796,2.7095396823577693,2.6493599555404534,2.587426569518408,2.5237084542872887,2.4581735022511126,2.3907885248602545,2.3215192060597376,2.2503300523458027,2.1771843392130825,2.1020440537579947,2.02486983318493,1.945620898941295,1.864254986184521,1.7807282682590129,1.6949952758331746,1.6070088103158082,1.5167198511373778,1.4240774564438232,1.3290286567093188,1.2315183407282035,1.1314891333954449,1.0288812646286332,0.9236324287219613,0.8156776333533915,0.7049490373891255,0.5913757765444676,0.47488377586494723,0.3553955478866175,0.232829975217089,0.10710207614884973,-0.02187724822837927,-0.15420148711061743,-0.2899688151312146,-0.42928241165361325,-0.5722508064992192,-0.718988254650168,-0.8696151427397885,-1.0242584304457751,-1.183052130235956,-1.3461378292849024,-1.5136652577857432,-1.6857929083247625,-1.8626887114689286,-2.044530773236347,-2.231508180674013,-2.4238218823484523,-2.621685651151317,-2.825327137412218,-3.0349890208650354,-3.250930270481742,-3.4734275214992434,-3.7027765790128386,-3.939294057140901,-4.1833191617540635,-4.435215622781971,-4.6953737786912635,-4.964212810185497,-5.242183111524039,-5.529768774658558,-5.8274901415601,-6.135906350621764,-6.455617759436565,-6.787268062068767,-7.131545824604169,-7.489185024201163,-7.860963973280459,-8.247701711171075,-8.650250505152892,-9.069482454811592,-9.506267241016355,-9.961436664911412,-10.4357295905644,-10.929707985009816,-11.443630647229647,-11.97726568351623,-12.5296158699662,-13.09852371964,-13.680118617822101,-14.268075010449369,-14.85268553962586,-15.41984590955332,-15.950235117858982,-16.41925961368875,-16.798590020922198,-17.05999885768267,-17.181252543324636,-17.15213380219096,-16.97760468331528,-16.676244540162863,-16.274906658311586,-15.802471246186581,-15.2851683534504,-14.744274373236328,-14.195702401553854,-13.650631483663547,-13.116497756585499,-12.597971221466004,-12.097767138375419,-11.617263615301795,-11.156948474491543,-10.71673259743314,-10.296165131832316,-9.894579083162407,-9.51118856021501,-9.145152882545737,-8.795618166503745,-8.461743699789764,-8.14271809823676,-7.837768641253227,-7.546166090293549,-7.267226551210904,-7.000311435987547,-6.744826235901757,-6.500218584663848,-6.265975931144836,-6.041623033138866,-5.826719409971625,-5.620856841723059,-5.423656968922522,-5.2347690237163915,-5.053867708230385,-4.88065122577021,-4.714839463987321,-4.556172325053755,-4.40440819546229,-4.2593225467577085,-4.1207066579395315,-3.988366450199503,-3.862121424892077,-3.741803696061306,-3.627257109380944,-3.5183364399502954,-3.41490666199022,-3.316842284076901,-3.2240267441217005,-3.136351858844347,-3.0537173229894137,-2.976030254001083,-2.9032047782983343,-2.8351616556836174,-2.771827938774506,-2.713136664672305,-2.659026576376892,-2.60944187172526,-2.564331977875943,-2.5236513495837776,-2.4873592897132593,-2.4554197906249304,-2.4278013952405066,-2.404477076750934,-2.385424136078156,-2.370624116338696,-2.3600627336861133,-2.3537298240315616,-2.351619305258463,-0.28428056564441295,-1.7755531969838967,-0.2135147437439151,1.0836901536209107,1.4861828144192561,1.6005251255634063
-7.116774779364391,-7.119766326475078,-7.128748340458424,-7.1437346227896,-7.164748248132683,-7.191821672425762,-7.224996885409509,-7.264325608811896,-7.309869541755254,-7.361700655309587,-7.419901538475807,-7.484565798242051,-7.55579851670953,-7.633716768623425,-7.718450202955667,-7.810141692450761,-7.908948055235108,-8.015040852664058,-8.12860726748267,-8.249851066024956,-8.378993647460566,-8.516275181858932,-8.661955836859406,-8.816317089703109,-8.9796631168672,-9.152322246940695,-9.334648452844279,-9.527022845830995,-9.729855114226776,-9.94358482219845,-10.16868244459899,-10.40564995834263,-10.655020731987612,-10.91735834354013,-11.193253798110131,-11.483320392292782,-11.788185153215318,-12.108475328085902,-12.444797760956185,-12.797708094783044,-13.16766548551252,-13.55496680068249,-13.959651990734592,-14.381369419446173,-14.819186569148123,-15.271328333020675,-15.734823764022712,-16.20504640252872,-16.675150314320152,-17.135445405225695,-17.57283576122882,-17.97056979251998,-18.30869080083911,-18.56562460124414,-18.721111307292027,-18.760056024099523,-18.676063277076228,-18.473100634001685,-18.164452307091572,-17.76949787753073,-17.30979884393655,-16.805878158010053,-16.275314128947056,-15.732056063920425,-15.18654697938283,-14.646238975242511,-14.116218077875718,-13.59978884527612,-13.098960083525748,-12.614822417539811,-12.147830059145209,-11.698005598035383,-11.265086188951987,-10.848626537978328,-10.44807067465046,-10.062801457721427,-9.69217433103608,-9.335540004759316,-8.99225938595421,-8.66171310907101,-8.343307323298284,-8.036476902589257,-7.740686897539809,-7.455432803979795,-7.1802400509800846,-6.914662989613479,-6.658283578198643,-6.410709899334616,-6.17157460138353,-5.940533326967891,-5.7172631698493195,-5.501461186661654,-5.292842979554095,-5.091141358564841,-4.896105087570916,-4.7074977142915655,-4.525096482592096,-4.348691323909122,-4.178083923757283,-4.013086858811248,-3.8535227998622448,-3.6992237759384894,-3.5500304949914048,-3.405791716739684,-3.26636367350087,-3.1316095351019317,-3.0013989142328157,-2.875607408878434,-2.7541161787292667,-2.6368115527238345,-2.5235846651154565,-2.414331117679374,-2.308950665884324,-2.2073469270447292,-2.1094271086466305,-2.0151017552027426,-1.924284512140741,-1.8368919053646635,-1.7528431352533875,-1.6720598839732983,-1.594466135085417,-1.5199880045213732,-1.448553582088254,-1.3800927827407807,-1.3145372069303778,-1.251820009406033,-1.1918757759012364,-1.134640407195754,-1.0800510100906444,-1.028045794880614,-0.9785639789494517,-0.9315456961526092,-0.8869319116861236,-0.8446643421733085,-0.8046853807303684,-0.7669380267992214,-0.7313658205608744,-0.697912781765771,-0.6665233528385623,-0.6371423461340728,-0.6097148952391278,-0.5841864102308356,-0.5605025368168419,-0.5386091192962688,-0.5184521672920661,-0.49997782621620435,-0.4831323514385319,-0.46786208613835745,-0.4541134428247884,-0.44183288851762587,-0.43096693358525884,-0.4214621242393682,-0.41326503868847175,-0.4063222869533462,-0.40058051434723546,-0.39598640862224366,-0.39248671078084196,-0.39002822954749006,-0.3885578594904009,-0.3880226027772205,-0.38836959454093656,-0.3895461318237691,-0.39149970605697937,-0.39417803902367293,-0.39752912223972003,-0.40150125967501704,-0.4060431137232751,-0.41110375431392165,-0.41663271104409255,-0.42258002819250473,-0.4288963224603791,-0.43553284326738695,-0.4424415354133762,-0.44957510389910554,-0.4568870806819949,-0.4643318931258581,-0.47186493388698025,-0.47944263196314846,-0.48702252461716283,-0.4945633298726226,-0.502025019267048,-0.5093688905365472,-0.5165576398967752,-0.5235554335775938,-0.5303279782634323,-0.5368425900884268,-0.5430682618344389,-0.5489757279822005,-0.5545375272699486,-0.559728062421179,-0.5645236567127866,-0.5689026070674961,-0.5728452333694132,-0.5763339237195196,-0.579353175367971,-0.5818896310828724,-0.5839321107398618,-0.5854716379438409,-0.5865014615226418,-0.5870170717626656,-0.5870162112878876,-0.5864988805158922,-0.5854673376577042,-0.5839260932613658,-0.5818818993325757,-0.5793437330986628,-0.5763227755145177,-0.5728323846405036,-0.568888064052401,-0.5645074264722467,-0.5597101528355481,-0.5545179470353316,-0.5489544866060663,-0.5430453696307389,-0.5368180581721287,-0.5303018185444922,-0.5235276587543003,-0.5165282634484828,-0.5093379267156871,-0.501992483090491,-0.4945292371122746,-0.4869868917898067,-0.4794054763195037,-0.4718262733999295,-0.4642917464778315,-0.45684546725148273,-0.4495320437462593,-0.44239704926470746,-0.4354869524994921,-0.4288490490827129,-0.4225313948291679,-0.4165827409146097,-0.4110524712130038,-0.4059905419995525,-0.40144742420871515,-0.39747404841928574,-0.3941217527213397,-0.39144223360328223,-0.38948749998093446,-0.38830983047525314,-0.38796173403029266,-0.38849591394933497,-0.38996523541400263,-0.39242269653929696,-0.3959214030066144,-0.4005145463069976,-0.40625538561831104,-0.41319723333257347,-0.4213934442433853,-0.43089740839850965,-0.44176254761861955,-0.4540423156808557,-0.4677902021642576,-0.4830597399540517,-0.4999045164027377,-0.5183781881482048,-0.5385344995923806,-0.5604273050486617,-0.5841105945720579,-0.6096385234929964,-0.6370654456839782,-0.6664459505976106,-0.6978349041253634,-0.731287493338221,-0.7668592751838353,-0.8046062292294754,-0.8445848145561413,-0.8868520309271156,-0.9314654843733859,-0.978483457359614,-1.0279649837172675,-1.0799699285565618,-1.1345590733961453,-1.1917942067790217,-1.2517382206755285,-1.3144552130092813,-1.3800105966803362,-1.4484712155014547,-1.5199054675090542,-1.594383436160042,-1.6719770299802452,-1.7527601312895493,-1.8368087546940237,-1.9242012161067539,-2.0150183131371184,-2.1093435177742323,-2.207263182384152,-2.3088667601437365,-2.4142470411471613,-2.523500405545094,-2.6367270952123976,-2.754031505588939,-2.875522499500236,-3.001313744941761,-3.1315240790026784,-3.266277900312872,-3.4057055926207114,-3.5499439823481707,-3.6991368332230863,-3.8534353813527753,-4.012998914375086,-4.177995398595059,-4.34860215827752,-4.525006611503221,-4.7074070671865895,-4.89601358796555,-5.091048923663902,-5.292749519832536,-5.501366605409239,-5.717167362676298,-5.940436181269222,-6.171475995759712,-6.410609702968029,-6.658181650185676,-6.9145591782547715,-7.180134193034568,-7.455324723892827,-7.740576406662845,-8.036363798418673,-8.343191388775907,-8.661594112010354,-8.992137078687602,-9.335414124145906,-9.69204459903548,-10.062667582831,-10.447932354638429,-10.848483464537983,-11.264938055178021,-11.697852110015639,-12.147670953511476,-12.614657487579194,-13.098789217462237,-13.59961208159745,-14.116035683997241,-14.646051556989047,-15.186355628786217,-15.731862549673018,-16.27512112389191,-16.805689475949116,-17.309619618867252,-17.769334565086194,-18.164312345726906,-18.472991631681744,-18.675991756359664,-18.760026048998498,-18.721123538788948,-18.56567622751621,-18.308776352907213,-17.970682423354482,-17.572968462557967,-17.135591841599414,-16.67530522351907,-16.20520567057575,-15.734984316861985,-15.27148795508199,-14.819343713971184,-14.381523042684684,-13.959801415043586,-13.55511161174478,-13.167805454474358,-12.797843121537378,-12.444927833222268,-12.10860049216529,-11.788305493248622,-11.483436015647007,-11.1933648251613,-10.917464900595197,-10.655122946442624,-10.405747955430261,-10.16877634526252,-9.94367474176163,-9.729941161622955,-9.527105123222412,-9.334727055510639,-9.152397263350482,-8.97973462887008,-8.816385172799368,-8.662020560515245,-8.516336609845608,-8.379051838201919,-8.249906072942736,-8.128659139332408,-8.015089633856752,-7.908993786141644,-7.8101844096874,-7.718489939649597,-7.633753554658202,-7.555832378950393,-7.484596760741596,-7.419929622660505,-7.361725880147802,-7.309891923907426,-7.2643451627635365,-7.2250136235877,-7.191835605299694,-7.164759384298822,-7.143742969041896,-7.128753901844043,-7.119769106335855,-7.116774779364393,-0.3830683230200105,-0.9385233247120837,-1.1102849616141848,1.7022993376718563,1.4440977540055187,1.1835075748432256
-9.231879545308422,-9.234452434649398,-9.242171941970229,-9.255048973168279,-9.273101762963776,-9.29635596057246,-9.324844750797322,-9.358609011701656,-9.39769751038664,-9.44216713877967,-9.492083191750725,-9.547519690319193,-9.608559753199328,-9.675296020467016,-9.747831133720767,-9.826278277766011,-9.910761789582544,-10.0014178411518,-10.098395203634542,-10.201856101412407,-10.311977165651529,-10.428950498323818,-10.552984859043214,-10.684306988646242,-10.823163085171089,-10.96982044975801,-11.124569321982218,-11.287724926188034,-11.45962975243069,-11.640656097497256,-11.831208892924554,-12.031728847568486,-12.242695931492467,-12.46463322478184,-12.69811114788888,-12.943752077007476,-13.202235325287937,-13.474302433063738,-13.760762649381933,-14.062498390151035,-14.380470305135844,-14.715721345571687,-15.069378847289236,-15.442653053740978,-15.836829577495388,-16.25325184589943,-16.69328729626993,-17.158267513336334,-17.649386936187234,-18.167536201894098,-18.71303335875213,-19.28519787982218,-19.881688895220012,-20.497505965285878,-21.1235484909919,-21.744702389301406,-22.33768068309695,-22.869440473734986,-23.297935104565532,-23.57756731394232,-23.670269019885758,-23.558551067452576,-23.25259123392192,-22.786023736195204,-22.203674219770196,-21.54933602572784,-20.858730405493166,-20.15769869618298,-19.463363880332842,-18.786249164014546,-18.132298798688453,-17.50445100731936,-16.903748518679937,-16.33008168562205,-15.782670007982311,-15.260367472881711,-14.76185277892327,-14.285745635750061,-13.830676097168977,-13.395324292672118,-12.978441651340571,-12.578860676169231,-12.195497748035693,-11.82735179512316,-11.47350061652995,-11.133095981132008,-10.80535819668204,-10.489570572212159,-10.185074023550769,-9.891261961818824,-9.60757553554119,-9.333499253992409,-9.068556993248974,-8.812308371099324,-8.564345468551526,-8.324289871632889,-8.091790005843515,-7.866518735935955,-7.648171204953657,-7.436462888229418,-7.231127840040372,-7.031917112664883,-6.8385973295844815,-6.650949396460991,-6.4687673352653245,-6.29185722852717,-6.1200362621136595,-5.953131856235219,-5.790980875528266,-5.633428910087814,-5.480329620231052,-5.331544138576408,-5.186940523733595,-5.046393260528241,-4.9097828022400005,-4.776995150823638,-4.647921471516497,-4.522457738619359,-4.4005044095775645,-4.281966124789923,-4.166751430840005,-4.054772525081011,-3.945945019715749,-3.840187723700541,-3.737422440968152,-3.63757378361346,-3.5405689988179487,-3.4463378084073666,-3.354812260042708,-3.2659265891393656,-3.179617090693983,-3.095822000274841,-3.0144813834996715,-2.9355370333863595,-2.8589323750170736,-2.784612377006131,-2.7125234693065208,-2.642613466930515,-2.5748314991960832,-2.5091279441435663,-2.4454543677969194,-2.383763467970304,-2.324009022345222,-2.2661458405649975,-2.21012972011327,-2.1559174057608166,-2.103466552381186,-2.052735690949976,-2.003684197555769,-1.9562722652623403,-1.910460878672444,-1.866211791052865,-1.8234875038889364,-1.7822512487444595,-1.7424669713095033,-1.704099317524874,-1.667113621677241,-1.631475896363718,-1.5971528242289672,-1.5641117513814196,-1.5323206823986308,-1.5017482768345274,-1.4723638471437113,-1.444137357940269,-1.417039426510154,-1.3910413244981084,-1.3661149806910582,-1.3422329848215035,-1.3193685923151774,-1.2974957299081842,-1.2765890020598256,-1.2566236980877084,-1.2375757999527706,-1.2194219906222266,-1.2021396629393395,-1.18570692892941,-1.170102629472227,-1.1553063442720277,-1.1412984020567798,-1.1280598909397188,-1.115572668877016,-1.1038193741568147,-1.0927834358561128,-1.0824490842034908,-1.0728013607874256,-1.0638261285516197,-1.0555100815208944,-1.047840754203303,-1.040806530616418,-1.0343966528883783,-1.0286012293868187,-1.023411242331838,-1.0188185548519575,-1.0148159174454314,-1.0113969738124,-1.0085562660269407,-1.0062892390216316,-1.0045922443609168,-1.0034625432833895,-1.002898308996953,-1.002898628214819,-1.0034635019242424,-1.004593845383949,-1.006291487350321,-1.0085591685363169,-1.0114005393113088,-1.0148201566539095,-1.018823480373767,-1.0234168686223897,-1.0286075727165414,-1.034403731301797,-1.040814363887132,-1.0478493637850257,-1.0555194904948886,-1.0638363615707265,-1.0728124440169757,-1.0824610452593977,-1.0927963037404413,-1.1038331791911724,-1.1155874426340286,-1.1280756661730034,-1.1413152126296866,-1.1553242250855282,-1.1701216163923402,-1.1857270587144257,-1.202160973167274,-1.2194445196188215,-1.2375995867204272,-1.2566487822356622,-1.2766154237359226,-1.2975235297326302,-1.319397811316545,-1.3422636643753771,-1.366147162461573,-1.3910750503827911,-1.41707473858827,-1.4441742984250516,-1.4724024583387414,-1.5017886010944925,-1.5323627620948286,-1.5641556288721992,-1.5971985418354029,-1.6315234963507372,-1.6671631462404892,-1.7041508087835293,-1.7425204713052622,-1.7823067994469775,-1.8235451472079243,-1.8662715688570488,-1.9105228328156898,-1.9563364376170878,-2.003750630054147,-2.0528044256327083,-2.103537631454672,-2.155990871662605,-2.2102056155862364,-2.266224208740555,-2.324089906835883,-2.383846912972011,-2.4455404182014857,-2.509216645661758,-2.574922898491728,-2.6427076117663044,-2.7126204087019756,-2.784712161408515,-2.8590350564859017,-2.93564266579239,-3.0145900227392803,-3.0959337045007693,-3.1797319205636967,-3.266044608082215,-3.3549335345474107,-3.4464624083313478,-3.54069699772044,-3.637705259114317,-3.7375574751347025,-3.84032640346509,-3.946087437326544,-4.0549187785900145,-4.1669016246311585,-4.282120370152019,-4.400662825326571,-4.522620451775382,-4.648088618041639,-4.7771668764275805,-4.90995926326117,-5.046574624899637,-5.187126972043474,-5.331735865235679,-5.480526834760849,-5.633631838542841,-5.791189762073867,-5.953346964898905,-6.120257878735098,-6.292085662934618,-6.469002923710981,-6.6511925043533004,-6.838848354561804,-7.03217648806295,-7.2313960388150145,-7.436740427407457,-7.6484586506983305,-7.866816709329715,-8.092099189510948,-8.324611017350886,-8.564679406023837,-8.812656018109045,-9.068919367448169,-9.333877486643994,-9.60797088759813,-9.891675842812903,-10.185508013872148,-10.490026449498371,-10.805837967207381,-11.133601917306395,-11.47403530189153,-11.827918178556205,-12.196099209383123,-12.579501105956478,-12.979125548006213,-13.396056881524688,-13.831463476258104,-14.286594954909154,-14.762772459273837,-15.26136747475466,-15.783762154784577,-16.331280048158643,-16.905069855836988,-17.50591523903018,-18.1339294449209,-18.788073599980116,-19.46541310241539,-20.16000602522816,-20.861328152584193,-21.55224870814957,-22.206906902684466,-22.789545636801414,-23.256319362113608,-23.562345518725735,-23.6739529157937,-23.580970290672425,-23.300937397873017,-22.871991897341488,-22.339790641657903,-21.746416246312826,-21.124925706309114,-20.498606137053233,-19.88256507091595,-19.285894462052596,-18.713586315879034,-18.16797418703315,-17.64973260982687,-17.158538768741455,-16.6934982892412,-16.2534138200249,-15.83695150965877,-15.442742153063891,-15.069440938950006,-14.71576116592161,-14.380491729102943,-14.06250460713261,-13.760756299945875,-13.474285715760928,-13.202210080583882,-12.943719853616075,-12.698073255501036,-12.464590776217888,-12.242649876586768,-12.031680000554239,-11.831157954679941,-11.640603673706988,-11.45957636848304,-11.287671039449474,-11.124515331954683,-10.969766706518202,-10.823109896409587,-10.684254625559902,-10.552933561284574,-10.428900478171798,-10.311928611536334,-10.201809180902897,-10.09835006597637,-10.001374619428876,-9.910720602561282,-9.826239231471742,-9.747794322786952,-9.675261529291227,-9.608527656934132,-9.547490055721449,-9.49205607790905,-9.442142597736362,-9.397675587667981,-9.358589746767924,-9.324828177422196,-9.296342107159688,-9.273090652807639,-9.25504062466316,-9.242166368773484,-9.234449645800785,-9.231879545308423,-0.23722139581092416,-1.989977127178528,-1.6190967477963913,1.2699559873401693,1.04510334702875,1.375798869916819
-23.350621401236644,-23.35300124421151,-23.360143955844322,-23.372059178091362,-23.38876303401075,-23.410278208043525,-23.436634059580296,-23.4678667710115,-23.504019531838733,-23.54514276083254,-23.591294368667263,-23.642540063954804,-23.698953706147073,-23.760617709393333,-23.827623502138696,-23.90007204804948,-23.978074434771074,-24.061752538088385,-24.151239770297025,-24.2466819230409,-24.34823811657227,-24.456081869397025,-24.570402304646827,-24.691405512352347,-24.81931609018012,-24.95437888926684,-25.096860996699885,-25.2470539921544,-25.405276523465087,-25.57187725481546,-25.747238252197437,-25.93177888438433,-26.125960334595465,-26.33029083926632,-26.545331797139482,-26.771704925952754,-27.010100687604147,-27.261288258926303,-27.526127398373198,-27.80558265493335,-28.100740492744567,-28.41283007498651,-28.743248680602044,-29.093593041888486,-29.465698326361675,-29.861687096971767,-30.28403145356538,-30.73563281359302,-31.219925633322863,-31.741014126337515,-32.30385523467128,-32.914507636976815,-33.580476951615815,-34.31120414224181,-35.1187720952236,-36.018952575982375,-37.03279613099211,-38.18910087610077,-39.52828947176732,-41.10832473146907,-43.01203884701006,-45.343874238695506,-48.12270366448796,-50.567450683448556,-50.208138195444675,-47.47505722210255,-44.680698962238196,-42.35253576549245,-40.433745455809486,-38.82160228227563,-37.43816810596179,-36.229150284327055,-35.156567704016496,-34.19323337954316,-33.31917853726493,-32.519374578784415,-31.782260767754458,-31.098770451495703,-30.46167097345886,-29.86510550638365,-29.304267983863227,-28.77516779946731,-28.27445636067314,-27.799297114768535,-27.34726668556584,-26.916278646633188,-26.504524016698447,-26.110424280956316,-25.732593915448202,-25.369810206270937,-25.020988729434173,-24.68516326744397,-24.36146923571709,-24.049129909592505,-23.74744490401573,-23.45578047878078,-23.173561333585194,-22.900263626897974,-22.635409006338847,-22.378559479948386,-22.12931299032943,-21.887299579323663,-21.652178051258755,-21.423633059063974,-21.201372550613883,-20.985125523211114,-20.77464004269001,-20.569681490620553,-20.3700310088345,-20.175484115229715,-19.98584946872949,-19.80094776453472,-19.620610743530296,-19.44468030199086,-19.273007689652864,-19.105452785843426,-18.94188344473257,-18.78217490194563,-18.626209235770993,-18.4738748770528,-18.32506616259172,-18.179682927507873,-18.037630132565194,-17.89881752292778,-17.76315931522804,-17.630573910182264,-17.50098362829939,-17.37431446649999,-17.25049587369977,-17.129460543620446,-17.01114422327388,-16.895485535727175,-16.78242581589882,-16.6719089582623,-16.563881275445347,-16.458291366812357,-16.35508999620573,-16.254229978100724,-16.15566607149845,-16.05935488094464,-15.96525476411762,-15.873325745479827,-15.783529435531879,-15.695828955249258,-15.610188865318108,-15.526575099819713,-15.444954904042953,-15.365296776131057,-15.287570412293285,-15.21174665533433,-15.137797446274133,-15.065695778849227,-14.995415656703074,-14.926932053088048,-14.86022087291543,-14.79525891700229,-14.732023848375626,-14.670494160504564,-14.610649147340993,-14.552468875057869,-14.495934155382354,-14.441026520428482,-14.3877281989407,-14.33602209386611,-14.28589176117866,-14.237321389884233,-14.19029578314015,-14.144800340427388,-14.100821040717857,-14.058344426582948,-14.017357589193347,-13.9778481541632,-13.939804268195019,-13.903214586484518,-13.868068260847224,-13.834354928531358,-13.802064701683662,-13.77118815743717,-13.741716328591874,-13.713640694861283,-13.686953174659571,-13.661646117405828,-13.637712296323361,-13.615144901713803,-13.593937534686948,-13.574084201328693,-13.555579307290875,-13.538417652787874,-13.522594427986089,-13.508105208773593,-13.494945952898235,-13.48311299646362,-13.472603050773325,-13.463413199514703,-13.455540896274593,-13.448983962380169,-13.443740585059004,-13.439809315913372,-13.437189069704651,-13.435879123444474,-13.435879115790211,-13.437189046743123,-13.439809277648349,-13.443740531496777,-13.44898389352955,-13.45554081214689,-13.463413100123747,-13.472602936135461,-13.483112866597693,-13.494945807825605,-13.50810504851812,-13.522594252574143,-13.538417462248319,-13.55557910165507,-13.57408398063049,-13.5939372989627,-13.615144651002336,-13.637712030665982,-13.66164583684633,-13.686952879244219,-13.713640384638786,-13.741716003613424,-13.771187817756413,-13.802064347356682,-13.834354559616687,-13.868067877405823,-13.903214188579778,-13.939803855892745,-13.977847727531604,-14.017357148303041,-14.058343971506947,-14.100820571531534,-14.144799857208497,-14.19029528596879,-14.237320878842851,-14.28589123635203,-14.336021555341317,-14.387727646807127,-14.441025954777786,-14.495933576308463,-14.55246828265695,-14.610648541711424,-14.670493541746922,-14.732023216592673,-14.79525827229892,-14.86022021539865,-14.926931382866957,-14.99541497388882,-15.065695083554974,-15.137796738615023,-15.21174593542743,-15.287569680257553,-15.365296032087274,-15.444954148113695,-15.526574332129265,-15.610188085992414,-15.695828164415836,-15.783528633319774,-15.873324932019486,-15.96525393954083,-16.059354045384424,-16.155665225088946,-16.25422912097706,-16.355089128503927,-16.458290488669153,-16.563880386998054,-16.671908059648636,-16.782424907256722,-16.89548461719457,-17.01114329498848,-17.129459605719497,-17.250494926319774,-17.3743135097764,-17.500982662366297,-17.63057293517199,-17.763158331270755,-17.89881653015105,-18.03762913109348,-18.179681917461977,-18.325065144088168,-18.473873850203148,-18.626208200681063,-18.782173858714668,-18.941882393452264,-19.105451726596854,-19.273006622513282,-19.44467922702033,-19.620609660778175,-19.80094667403591,-19.985848370502502,-20.175483009274387,-20.37002989512951,-20.56968036912048,-20.774638913322036,-20.98512438587118,-21.20137140516231,-21.423631905320377,-21.65217688899609,-21.887298408261394,-22.129311810125493,-22.37855829018973,-22.635407806530313,-22.900262416449166,-23.173560111794792,-23.45577924481779,-23.747443656897026,-24.049128648155627,-24.361467958587134,-24.685161972993175,-25.020987415732048,-25.36980887102238,-25.732592555916078,-26.110422893863884,-26.5045225981051,-26.916277191774718,-27.347265188646976,-27.799295568690205,-28.27445475666954,-28.77516612661598,-29.30426622841371,-29.865103650821723,-30.461668995177238,-31.09876832086556,-31.78225844526007,-32.51937201064911,-33.31917564856398,-34.19323006296608,-35.1565638007512,-36.229145549914,-37.43816214565666,-38.82159441991376,-40.43373444490088,-42.35251908988303,-44.68067098989828,-47.47500456198111,-50.208039673370884,-50.5673431639475,-48.12264170819091,-45.34384097034882,-43.01201893573713,-41.108311517097675,-39.528279986060916,-38.189093656126545,-37.03279038560371,-36.018947843621255,-35.118768089672876,-34.311200677018824,-33.580473900185744,-32.914504910532855,-32.30385276908747,-31.741011874174244,-31.21992355874617,-30.73563088904187,-30.284029657504504,-29.861685412338986,-29.465696739471852,-29.093591541644845,-28.74324725791866,-28.41282872235891,-28.10073920392587,-27.805581424686846,-27.526126222281132,-27.261287133240444,-27.010099609127863,-26.77170389194709,-26.54533080524775,-26.330289887453013,-26.125959421096432,-25.931778007665947,-25.74723741092271,-25.57187644781596,-25.405275749717447,-25.247053250760544,-25.09686028687036,-24.95437821030663,-24.81931544147657,-24.69140489336486,-24.570401714897955,-24.45608130846482,-24.348237584083687,-24.246681418666025,-24.151239293744084,-24.061752089099432,-23.978074013118132,-23.900071653531253,-23.827623134577625,-23.760617368633064,-23.698953392050225,-23.642539776400973,-23.591294107551356,-23.54514252606325,-23.504019323337225,-23.46786658871032,-23.436633903422397,-23.410278077981445,-23.388762930005925,-23.372059100113614,-23.36014390387136,-23.353001218228677,-23.350621401236644,-0.4588647271202271,-0.8660215463362315,-0.8778897785137878,0.5746784337773623,0.7067795318332073,0.7286334487128909
-21.601211923881447,-21.604038173709256,-21.612442404447137,-21.626438542144804,-21.646049849617803,-21.671309062154876,-21.702258579716215,-21.73895071802137,-21.781448021696235,-21.82982364348748,-21.88416179447993,-21.944558271290333,-22.01112106738571,-22.08397107701792,-22.163242901815284,-22.249085771871783,-22.341664595280758,-22.441161152538264,-22.54777545517658,-22.66172729148097,-22.78325798632263,-22.912632407166416,-23.050141254386276,-23.196103681399496,-23.350870299138656,-23.51482663043518,-23.688397093528017,-23.872049610833123,-24.06630096022449,-24.271723012580814,-24.488950032824924,-24.71868726423203,-24.961721070230787,-25.21893097808393,-25.49130405990422,-25.77995220555398,-26.086132998920743,-26.41127511752054,-26.757009454464843,-27.125207538396843,-27.51802933889873,-27.93798324533068,-28.388001970343865,-28.87153945674161,-29.392695689428553,-29.956378783645555,-30.568516949170608,-31.2363367941448,-31.96872796094967,-32.776713634712976,-33.67403022621724,-34.677750697725706,-35.808649443187306,-37.09023535626953,-38.54289246969512,-40.16177974144953,-41.84678193026319,-43.24088013254525,-43.66661057742696,-42.79407553648625,-41.15933910645776,-39.374472339602626,-37.701906478841536,-36.20215150806194,-34.86860348971261,-33.67876488323525,-32.60962465545671,-31.64145062286532,-30.75817149025329,-29.9468783313794,-29.197198544102434,-28.50074557098891,-27.850680431649963,-27.241374096426853,-26.66815018546776,-26.12708885310767,-25.61487654239881,-25.128690018842224,-24.666106098191207,-24.22503075127213,-23.803642933957825,-23.400349700781714,-23.01375003914967,-22.64260550066679,-22.285816174315087,-21.942400891372333,-21.611480808331834,-21.292265706008685,-20.984042487841773,-20.686165470538242,-20.398048144609064,-20.11915614750358,-19.849001242714593,-19.58713613789074,-19.333150006250264,-19.086664600379073,-18.847330867273094,-18.614825989355,-18.388850789000337,-18.16912744449516,-17.955397473815026,-17.7474199495521,-17.544969914026133,-17.347836968334153,-17.155824013011895,-16.968746121245054,-16.7864295283018,-16.608710723152775,-16.43543563018023,-16.266458870514317,-16.101643093924167,-15.940858373373818,-15.783981655363652,-15.630896260043174,-15.481491425824565,-15.335661893866806,-15.193307528353522,-15.054332968966687,-14.918647312374242,-14.786163819911721,-14.656799648953655,-14.530475605746476,-14.407115917716615,-14.286648023479664,-14.169002378963327,-14.054112278221588,-13.941913687662845,-13.832345092543534,-13.725347354692754,-13.620863580534785,-13.518838998566338,-13.419220845525794,-13.321958260563145,-13.22700218678354,-13.134305279594429,-13.043821821337804,-12.955507641735055,-12.86932004371334,-12.785217734219794,-12.703160759663321,-12.623110445654142,-12.545029340738648,-12.468881163851801,-12.394630755231827,-12.322244030562228,-12.25168793812459,-12.182930418762457,-12.115940368471668,-12.05068760344658,-11.9871428274241,-11.925277601179026,-11.865064314034726,-11.806476157262765,-11.749487099253928,-11.694071862351073,-11.640205901241703,-11.58786538281479,-11.537027167392806,-11.487668791255354,-11.439768450376297,-11.39330498530094,-11.348257867094437,-11.304607184296547,-11.262333630821843,-11.22141849474789,-11.18184364793721,-11.143591536441917,-11.106645171642654,-11.070988122076242,-11.036604505908654,-11.00347898401256,-10.971596753610486,-10.940943542446933,-10.911505603454552,-10.883269709881304,-10.856223150847251,-10.830353727301178,-10.805649748348895,-10.78210002792635,-10.759693881792296,-10.738421124816364,-10.71827206853995,-10.699237518988276,-10.681308774713463,-10.664477625049402,-10.648736348560552,-10.634077711667661,-10.62049496743478,-10.607981854502704,-10.596532596155306,-10.586141899506,-10.576804954792795,-10.568517434771266,-10.561275494195836,-10.555075769380707,-10.549915377832775,-10.545791917949858,-10.542703468778447,-10.540648589826292,-10.539626320925898,-10.539636182146225,-10.540678173750527,-10.54275277619952,-10.545860950199796,-10.550004136798478,-10.555184257526026,-10.561403714590016,-10.568665391123789,-10.576972651494652,-10.586329341677478,-10.596739789700294,-10.608208806169648,-10.620741684884328,-10.6343442035471,-10.64902262458511,-10.664783696090572,-10.68163465289439,-10.6995832177864,-10.718637602896973,-10.738806511255756,-10.76009913854442,-10.78252517506144,-10.806094807917997,-10.830818723485292,-10.856708110114857,-10.883774661154494,-10.912030578283956,-10.941488575195756,-10.972161881647837,-11.004064247916403,-11.037209949678644,-11.071613793356772,-11.107291121956449,-11.144257821434485,-11.182530327632612,-11.222125633816153,-11.263061298858496,-11.305355456114711,-11.349026823029977,-11.394094711531206,-11.440579039253018,-11.488500341652301,-11.53787978506885,-11.588739180793086,-11.641101000205731,-11.69498839105836,-11.750425194968301,-11.80743596620613,-11.86604599185932,-11.926281313461288,-11.988168750181332,-12.051735923677686,-12.117011284723361,-12.184024141722427,-12.252804691243291,-12.323384050705055,-12.3957942933636,-12.47006848575564,-12.546240727771583,-12.624346195541854,-12.70442118733681,-12.786503172696857,-12.870630845028153,-12.95684417791935,-13.045184485457524,-13.135694486846042,-13.228418375654735,-13.323401894062922,-13.420692412489537,-13.520339015042076,-13.62239259125734,-13.726905934653253,-13.833933848662488,-13.943533260575887,-14.055763344187902,-14.170685651907856,-14.288364257181506,-14.408865908157162,-14.532260193632611,-14.658619722432892,-14.788020317498205,-14.92054122610668,-15.056265347821826,-15.195279481941629,-15.33767459643884,-15.483546120624442,-15.632994264042757,-15.786124364422939,-15.943047267874453,-16.10387974493074,-16.268744946525345,-16.437772904539468,-16.611101082201284,-16.788874980362905,-16.971248806548022,-17.158386214675808,-17.35046112455247,-17.54765863161405,-17.750176019045323,-17.958223886339063,-18.172027410661368,-18.39182776012876,-18.617883681377133,-18.850473287731198,-19.089896079015922,-19.336475229777136,-19.590560189635845,-19.852529647995226,-20.122794925738823,-20.40180386940574,-20.690045339252016,-20.988054402453244,-21.296418367581722,-21.61578382786474,-21.946864920548244,-22.29045306055637,-22.647428472065624,-23.01877392637746,-23.405591205103295,-23.809120953174695,-24.23076677905151,-24.672124717175826,-25.13501951471526,-25.621549675483912,-26.134143837264965,-26.675631942707405,-27.249335882322793,-27.85918596500689,-28.509871856640153,-29.20703965747016,-29.957550546007443,-30.76982027990885,-31.654260240740104,-32.62383107897745,-33.6946724937511,-34.88660341246177,-36.222729680948376,-37.72559320292464,-39.401558278715164,-41.188808443480156,-42.82083232817425,-43.680078907819144,-43.23620850412982,-41.83156186677884,-40.14369447274612,-38.525272749643506,-37.074064654824625,-35.79406347758545,-34.66462647903316,-33.6621863978693,-32.76597406685961,-31.95893905405933,-31.227369495782703,-30.560264142637003,-29.94875169745461,-29.385620514456107,-28.86495448786071,-28.381855291169682,-27.932230884178722,-27.512633807659604,-27.12013667406775,-26.752235497242125,-26.406773973249592,-26.0818836454292,-25.77593621171571,-25.487505193487515,-25.215334883938322,-24.95831500454768,-24.715459873791698,-24.485891170562553,-24.268823582656402,-24.0635527872046,-23.869445328693182,-23.685930051039303,-23.51249081016995,-23.34866024785319,-23.194014449971334,-23.048168345813362,-22.910771731401304,-22.781505820927975,-22.660080247265313,-22.546230446109703,-22.43971536936005,-22.34031548231146,-22.247831006609537,-22.162080376970717,-22.082898884689662,-22.01013748512516,-21.94366174984209,-21.883350947015863,-21.829097236179816,-21.780804965498014,-21.73839006154267,-21.701779503101722,-21.670910871883578,-21.64573197415876,-21.626200528414813,-21.612283915026843,-21.603958984783887,-21.601211923881447,-0.34835018548322005,-1.3239713091427965,-1.3210049065608849,0.8420946149790665,0.6069682806917283,0.9543682542326867
-5.815591448673598,-5.817455754780117,-5.823162444149648,-5.832717068018613,-5.846128925469629,-5.863411098100473,-5.884580499000571,-5.909657936412218,-5.938668192570169,-5.971640118336009,-6.008606744374734,-6.049605409761789,-6.0946779090617405,-6.143870659086962,-6.197234886728702,-6.254826839456774,-6.316708020311099,-6.382945449462217,-6.453611954703547,-6.528786493560092,-6.608554510063206,-6.6930083296556395,-6.782247596163595,-6.876379755312981,-6.97552058988665,-7.079794812331961,-7.189336721449258,-7.3042909307414385,-7.424813177104942,-7.5510712198205665,-7.683245841290979,-7.82153196270939,-7.96613988987684,-8.117296706770142,-8.275247837265153,-8.440258798721487,-8.612617175031,-8.792634841339247,-8.980650478103811,-9.177032418620186,-9.382181881816923,-9.59653665122197,-9.820575271787224,-10.054821849012852,-10.299851549834798,-10.556296922313699,-10.824855171503787,-11.106296552020483,-11.40147406342225,-11.71133466149894,-12.036932224473883,-12.379442533041964,-12.740180527642908,-13.120620077874383,-13.522416405391478,-13.947431084629162,-14.397759099029471,-14.875756560352764,-15.384066049295031,-15.925633449007634,-16.50370439350365,-17.12177774512787,-17.78347355129669,-18.49223575166714,-19.250721283456585,-20.059603970193002,-20.915315073824388,-21.805955583916447,-22.704441943770206,-23.558743452137914,-24.28306295101929,-24.76295256231351,-24.892320075406715,-24.633236203962774,-24.042513019901417,-23.232860774243605,-22.314435090943366,-21.365484284719727,-20.43181323039297,-19.53651740639392,-18.689237805285558,-17.89235797910908,-17.144623449752537,-16.44312065320888,-15.784316626322584,-15.164585499032494,-14.580461071005944,-14.028745543329393,-13.506544173030068,-13.011263043765462,-12.540589666150536,-12.092466743991409,-11.665064406696725,-11.256753505985692,-10.866081133827885,-10.491748761539919,-10.132593014734532,-9.787568914973052,-9.455735343051295,-9.136242459450145,-8.828320826373059,-8.531271997584625,-8.2444603687114,-7.967306107493616,-7.699279008606538,-7.439893140224116,-7.1887021692361905,-6.945295269037835,-6.709293528321689,-6.480346791612137,-6.258130872681517,-6.042345090761527,-5.832710086857762,-5.628965883708672,-5.430870158189244,-5.238196699401426,-5.050734029451123,-4.868284167095775,-4.690661517150745,-4.517691870843072,-4.349211504263123,-4.1850663637409955,-4.025111328410287,-3.8692095414544507,-3.717231802591019,-3.5690560152633966,-3.424566682799677,-3.2836544484821544,-3.1462156750648034,-3.0121520597922973,-2.881370281424067,-2.7537816761597793,-2.629301939706334,-2.5078508530278167,-2.389352029584571,-2.2737326821003685,-2.1609234071019006,-2.050857985656293,-1.9434731988924683,-1.8387086570344469,-1.7365066408007137,-1.6368119541358879,-1.5395717873407637,-1.4447355897557648,-1.352254951232372,-1.2620834916980819,-1.1741767581842046,-1.088492128742811,-1.004988722730403,-0.923627316982069,-0.8443702674412052,-0.7671814358474762,-0.6920261211193204,-0.6188709950978697,-0.5476840423467504,-0.4784345037272213,-0.4110928234908043,-0.34563059965208054,-0.28202053742314115,-0.22023640550811285,-0.1602529950716765,-0.10204608120976144,-0.04559238676331665,0.009130451671913096,0.06214391567615448,0.11346863500327453,0.1631244157628944,0.2111302668959959,0.25750442504548493,0.3022643779160982,0.34542688621157536,0.3870080042309076,0.4270230992001265,0.4654868694107251,0.5024133612312324,0.53781598505391,0.5717075302345398,0.6041001790792746,0.6350055199291458,0.6644345593892655,0.6923977337467836,0.7189049196185706,0.7439654438669567,0.7675880928190605,0.7897811208229508,0.8105522581713654,0.829908718421539,0.8478572051375971,0.8644039180798108,0.8795545588632159,0.8933143361060575,0.905687970086793,0.9166796969266375,0.9262932723128976,0.9345319747767388,0.9413986085373265,0.9468955059228399,0.9510245293771963,0.9537870730598863,0.9551840640447609,0.9552159631221756,0.9538827652074217,0.9511839993568949,0.9471187283920163,0.9416855481294817,0.9348825862148685,0.926707500555328,0.9171574773454055,0.9062292286787444,0.8939189897367013,0.8802225155435861,0.8651350772764104,0.8486514581157146,0.8307659486220571,0.8114723416213896,0.7907639265805209,0.7686334834522293,0.745073275967618,0.720075044351381,0.6936299974336173,0.6657288041297089,0.6363615842574579,0.6055178986584587,0.5731867385880919,0.5393565143359413,0.5040150430357186,0.46714953562067146,0.42874658287755896,0.38879214054864963,0.347271513427894,0.3041693383933597,0.25946956631410023,0.21315544276507395,0.16520948747907369,0.1156134724594428,0.06434839867184643,0.011394471227361183,-0.04326892703729282,-0.09966326368363572,-0.15781088660835924,-0.2177350559103992,-0.27945997781449267,-0.3430108407872539,-0.40841385399270186,-0.475696288245816,-0.5448865196357193,-0.6160140760040305,-0.6891096864795566,-0.7642053342872623,-0.8413343130683468,-0.9205312869686472,-1.0018323547750962,-1.0852751184051868,-1.1708987560815884,-1.2587441005547093,-1.3488537227695288,-1.4412720214103916,-1.5360453187987664,-1.6332219636649636,-1.732852441365832,-1.8349894921774614,-1.9396882383551672,-2.0470063207241966,-2.1570040456433333,-2.269744543272752,-2.3852939381765665,-2.5037215334024405,-2.62510000930617,-2.749505638530722,-2.8770185187090864,-3.0077228246406804,-3.141707081895762,-3.279064464034092,-3.4198931158877874,-3.5642965056583815,-3.7123838089203165,-3.8642703280145274,-4.020077950763393,-4.179935652952619,-4.343980049616459,-4.512356000843563,-4.685217278607023,-4.862727302031878,-5.04505994956845,-5.232400457765993,-5.424946417769537,-5.62290888233031,-5.826513598071237,-6.036002380036647,-6.251634648243867,-6.4736891491199975,-6.7024658884421235,-6.938288306813235,-7.18150573393154,-7.432496164103121,-7.691669402792055,-7.9594706427137325,-8.236384538302534,-8.52293985960084,-8.819714821014728,-9.127343197251863,-9.446521358328283,-9.778016377885772,-10.122675393958119,-10.481436427887548,-10.855340893258605,-11.245548048244574,-11.653351653484062,-12.08019907828875,-12.527713022707836,-12.997715840943549,-13.492256070537707,-14.013636023505306,-14.564437872187328,-15.14754299583316,-15.766134387784652,-16.423662683435882,-17.123739159468137,-17.869887008603204,-18.665022907151414,-19.510433557630762,-20.40382820755864,-21.335776699874053,-22.283605168125863,-23.202249312295105,-24.014517427653395,-24.611206216251333,-24.879455477718224,-24.76054316721737,-24.28980547930671,-23.5718674131175,-22.721209929449664,-21.824366346795433,-20.934123999682903,-20.078111730203247,-19.268568030333103,-18.50925830526526,-17.7996179022317,-17.137048286078947,-16.51813520645216,-15.939272306179404,-15.396965626080362,-14.887969716950813,-14.409336452257325,-13.958419863880883,-13.532860021856056,-13.130558081894803,-12.749648768786937,-12.388473417415543,-12.045555009866613,-11.719575757596374,-11.40935731974908,-11.113843525178975,-10.832085368350011,-10.56322801854697,-10.306499584991096,-10.061201399598524,-9.826699604590761,-9.602417858893325,-9.387831002720473,-9.182459542816932,-8.985864841140847,-8.797644907341372,-8.617430710414089,-8.444882937684682,-8.279689140072655,-8.121561211703188,-7.970233159622011,-7.825459125849456,-7.6870116294775475,-7.554680001132446,-7.428268986030936,-7.307597495169798,-7.192497486997384,-7.0828129643075775,-6.978399073135332,-6.879121292175173,-6.784854702736858,-6.695483330534017,-6.6108995517048434,-6.531003556416151,-6.455702864225678,-6.38491188609204,-6.318551528542947,-6.256548836054395,-6.198836668167117,-6.145353408282499,-6.096042701445731,-6.050853218747035,-6.009738446257957,-5.972656496674171,-5.939569942064021,-5.910445666326005,-5.885254736143092,-5.86397228938905,-5.846577440095347,-5.833053199228129,-5.823386410656061,-5.817567701812689,-5.815591448673598,-0.4540562738469045,-0.29269295858858246,-1.94062717783753,0.7580528386834531,1.0325230232533005,1.8564980478140933
-13.14238395637429,-13.144976336080394,-13.152766757177307,-13.165767030385787,-13.183996905394967,-13.207484171666263,-13.236264801047984,-13.270383133735546,-13.309892109596206,-13.354853547397216,-13.405338475041722,-13.46142751453896,-13.523211326126333,-13.590791116735392,-13.664279218867959,-13.743799746941615,-13.8294893392985,-13.921497995373722,-14.019990019021208,-14.12514508073242,-14.23715941350024,-14.356247159429024,-14.482641886932552,-14.616598301567743,-14.75839417730799,-14.908332539466231,-15.066744135650097,-15.233990237202828,-15.410465820703989,-15.596603187435816,-15.792876088433756,-15.999804433990512,-16.21795967938777,-16.44797099320568,-16.690532330626173,-16.9464105511489,-17.21645473685292,-17.50160688135084,-17.802914126404023,-18.121542714694,-18.4587937890846,-18.816121075511603,-19.19515029384169,-19.597699770210262,-20.02580103680543,-20.48171695420327,-20.96795263567271,-21.487250396960995,-22.04255266003419,-22.63690360395444,-23.273236728733032,-23.953953315479488,-24.68012309753255,-25.45001655487876,-26.256501778044992,-27.08267387444093,-27.895262266487315,-28.636866703068637,-29.22255172668903,-29.55281223348291,-29.551469138063624,-29.208907546726476,-28.58832704902309,-27.787862834902587,-26.898110021943438,-25.983232971731525,-25.08167672404825,-24.213629669467046,-23.38810728852981,-22.607846128375325,-21.87227587062232,-21.17921297455361,-20.525790117516408,-19.908950473933885,-19.325700139442795,-18.77322815323418,-18.24895511491175,-17.750544152853543,-17.27589284248458,-16.82311625481889,-16.390526636696215,-15.97661262161742,-15.58001942524389,-15.199530683167419,-14.834052156453566,-14.482597303261054,-14.144274602464058,-13.818276466526935,-13.503869566816087,-13.200386398554098,-12.90721792539548,-12.6238071599356,-12.349643553535632,-12.084258085202338,-11.827218954217226,-11.578127794515144,-11.336616340445554,-11.102343483611119,-10.874992669115999,-10.65426958694111,-10.439900120458736,-10.23162851945802,-10.029215769613952,-9.832438134213657,-9.64108584726051,-9.454961939895268,-9.273881184480931,-9.097669142756239,-8.926161306226303,-8.759202318472173,-8.596645270362323,-8.438351060270325,-8.284187812370353,-8.134030346919449,-7.987759697160675,-7.845262668111301,-7.706431433048216,-7.5711631639804535,-7.439359692816332,-7.310927200297533,-7.185775930093046,-7.063819925726817,-6.9449767882606475,-6.829167452871902,-6.716315982658171,-6.6063493781715135,-6.499197401335616,-6.394792412533313,-6.293069219770729,-6.1939649389302955,-6.0974188642193425,-6.003372348005045,-5.911768689301988,-5.822553030245976,-5.735672259948008,-5.65107492517674,-5.568711147366177,-5.48853254548945,-5.410492164378729,-5.3345444081069,-5.26064497807887,-5.188750815509112,-5.118820047988439,-5.050811939866539,-4.9846868461984135,-4.920406170022213,-4.857932322753636,-4.797228687498111,-4.738259585096449,-4.680990242733063,-4.625386764947593,-4.57141610690205,-4.519046049765314,-4.468245178086089,-4.418982859033543,-4.3712292233926195,-4.324955148207725,-4.280132240974957,-4.236732825288692,-4.194729927853772,-4.15409726677919,-4.114809241073819,-4.07684092126863,-4.040168041093716,-4.0047669901418015,-3.970614807453228,-3.937689175960183,-3.905968417730886,-3.8754314899567683,-3.84605798162827,-3.8178281108469116,-3.790722722723549,-3.764723287814526,-3.7398119010495154,-3.7159712811063677,-3.6931847701902463,-3.671436334175735,-3.650710563072389,-3.6309926717756023,-3.6122685010662012,-3.5945245188237336,-3.577747821419752,-3.56192613525893,-3.5470478184372456,-3.533101862487923,-3.5200778941872075,-3.5079661773935475,-3.4967576148951967,-3.486443750242629,-3.477016769543778,-3.468469503201425,-3.4607954275737067,-3.4539886665401554,-3.4480439929572055,-3.4429568299887308,-3.4387232522986357,-3.43533998709419,-3.4328044150103447,-3.4311145708268977,-3.4302691440119193,-3.4302674790866434,-3.431109575808427,-3.43279608917023,-3.435328329216552,-3.4387082606775095,-3.442938502424255,-3.4480223267507504,-3.453963658488282,-3.460767073960943,-3.4684377997918556,-3.4769817115713524,-3.4864053324001762,-3.4967158313220588,-3.5079210216618053,-3.520029359286406,-3.533049940808237,-3.54699250175099,-3.5618674147003517,-3.577685687463018,-3.594458961258984,-3.6121995089736076,-3.630920233497308,-3.650634666182237,-3.67135696544662,-3.6931019155590485,-3.7158849256362494,-3.739722028889525,-3.7646298821563198,-3.7906257657551117,-3.8177275837031024,-3.845953864338041,-3.8753237613869107,-3.9058570555260808,-3.93757415647922,-3.9704961057011543,-4.0046445796978425,-4.040041894034713,-4.076711008087801,-4.114675530594568,-4.153959726063743,-4.1945885221063595,-4.236587517752985,-4.279982992825443,-4.3248019184347575,-4.371071968680701,-4.418821533632546,-4.468079733674974,-4.518876435307946,-4.571242268494606,-4.6252086456571275,-4.680807782426617,-4.738072720260177,-4.7970373510457645,-4.857736443823741,-4.920205673763139,-4.984481653540602,-5.050601967280928,-5.118605207230168,-5.188531013345408,-5.260420115999981,-5.334314382018811,-5.410256864276204,-5.4882918551079785,-5.568464943811002,-5.6508230785272495,-5.735414632835304,-5.822289477401458,-5.91149905707444,-6.0030964738433745,-6.097136576118011,-6.193676054833958,-6.292773546934357,-6.394489746833537,-6.498887526528617,-6.606032065092239,-6.715990988355012,-6.828834519670291,-6.944635642748226,-7.063470277651922,-7.185417471167279,-7.310559602891905,-7.4389826085392405,-7.570776222124149,-7.706034238888608,-7.844854801044016,-7.987340708653749,-8.13359975826052,-8.283745112182828,-8.437895701769428,-8.596176668317634,-8.758719845838085,-8.925664290396103,-9.097156861388374,-9.273352860837939,-9.454416737625959,-9.640522864544597,-9.83185639717413,-10.02861422488593,-10.231006025783262,-10.439255439150795,-10.65360137103748,-10.874299450998347,-11.101623660832123,-11.335868159448044,-11.577349331865069,-11.82640809489195,-12.083412497376422,-12.348760659182611,-12.622884100408285,-12.906251520951042,-13.199373100540463,-13.502805400917637,-13.81715696505774,-14.14309472316761,-14.481351331386296,-14.83273358597513,-15.198132071828862,-15.578532216525968,-15.975026924628688,-16.388830952158983,-16.821297131512708,-17.27393444335068,-17.748427702966126,-18.24665819404836,-18.77072378304417,-19.322955598396995,-19.90592575183109,-20.522435896146067,-21.17546799694804,-21.868063553378544,-22.603070320896382,-23.382647292518154,-24.20733524422992,-25.074365351842985,-25.974695172377945,-26.88813538872815,-27.776309215677507,-28.575256412682954,-29.194766880486938,-29.537170190387773,-29.53949780080082,-29.211115709874477,-28.627651379857628,-27.88813923853339,-27.077292932485122,-26.252480388994314,-25.447024525665192,-24.67790204972446,-23.952309558678113,-23.27202741586277,-22.636023668877435,-22.041924486667142,-21.486816190423813,-20.96766894549632,-20.481550779635533,-20.025727056986327,-19.597698364166426,-19.195206113953592,-18.816222010264855,-18.4589302014845,-18.121706877537015,-17.8030997994324,-17.501808991648147,-17.216669135082814,-16.946633824033903,-16.690761655510194,-16.448204024383045,-16.218194458611983,-16.00003931953482,-15.793109698493605,-15.596834354698732,-15.410693555674346,-15.23421369843498,-15.066962605466097,-14.908545404053477,-14.758600910333818,-14.616798450633055,-14.482835062328585,-14.35643302477155,-14.237337677901053,-14.125315492235135,-14.02015235908118,-13.921652074203726,-13.829634991935112,-13.743936829913821,-13.664407607370897,-13.59091070222943,-13.523322014295644,-13.461529223555203,-13.405431134087785,-13.354937095413614,-13.309966494219205,-13.27044831040126,-13.236320732241238,-13.207530826296685,-13.18403425828603,-13.16579506186524,-13.152785452759826,-13.144985686235485,-13.142383956374289,-0.993011504767858,-1.4401456622912006,-1.7851784595540612,1.0408189967522654,0.6431998246277844,1.7931987746238438
-1.1541859798218037,-1.1562237663708321,-1.1623278291556314,-1.172503652022248,-1.1867603963192213,-1.20511093375488,-1.2275718927064287,-1.25416371829963,-1.2849107466745446,-1.3198412939539403,-1.3589877605372334,-1.4023867514559518,-1.450079213647248,-1.50211059113179,-1.5585309992225813,-1.6193954190431936,-1.6847639137998698,-1.7547018684328106,-1.8292802544704367,-1.9085759221279437,-1.9926719219305218,-2.0816578584042773,-2.1756302786663833,-2.2746930990627274,-2.37895807334793,-2.488545306281457,-2.603583816924852,-2.7242121563697372,-2.8505790851022716,-2.9828443157130904,-3.121179327185711,-3.2657682575276215,-3.4168088820271185,-3.574513684894577,-3.739111032432998,-3.9108464561107503,-4.089984053879986,-4.276808017651766,-4.471624293794339,-4.674762381562524,-4.886577271058997,-5.107451517048716,-5.337797436794669,-5.578059407760456,-5.828716222656043,-6.090283432170557,-6.363315565890034,-6.648408063582453,-6.946198663834144,-7.257367872612929,-7.582637952621468,-7.922769608714937,-8.278555156213802,-8.650806390711974,-9.040334547531543,-9.44791852888065,-9.87425582453562,-10.319888044272327,-10.785089465833588,-11.269702255238288,-11.772896027359321,-12.29282286242174,-12.826134179954485,-13.367329131317057,-13.907928519484704,-14.435537136750645,-14.933002216748172,-15.378111792839558,-15.744534999979061,-16.004734207196055,-16.13496805080179,-16.121128119563434,-15.962848318178049,-15.67361468326719,-15.276810535093182,-14.799898431299766,-14.269333912534911,-13.707545382822373,-13.131912629991724,-12.555025815471094,-11.985513188797087,-11.428980448018182,-10.888844559999274,-10.366994092785822,-9.864279956937818,-9.380866340234498,-8.91647553292168,-8.470555831782436,-8.042395172643902,-7.631197100062276,-7.236130872371042,-6.856363930128456,-6.491082405201867,-6.139503563931388,-5.800882845399777,-5.4745173098859565,-5.1597467336911995,-4.855953190792633,-4.562559691210993,-4.279028260868275,-4.0048577209782055,-3.739581338222364,-3.482764457556698,-3.234002188895524,-2.99291719126991,-2.7591575793305623,-2.5323949644958703,-2.3123226347222827,-2.098653871476626,-1.8911203991020158,-1.6894709597544397,-1.4934700060044586,-1.302896502739743,-1.1175428299569452,-0.9372137782472676,-0.7617256291577641,-0.59090531308005,-0.42458963783236486,-0.262624581628775,-0.1048646446495438,0.04882774607270794,0.1985827832641045,0.344523781890153,0.48676764147091817,0.6254252718222558,0.7606019854733372,0.8923978597007267,1.0209080708378586,1.1462232032646387,1.268429535251978,1.3876093036290054,1.5038409490537847,1.6171993435004017,1.72775600142347,1.8355792759249745,1.9407345411254058,2.043284361830619,2.1432886514860887,2.2408048193205863,2.335887907500293,2.428590719041409,2.5189639371634183,2.6070562367057755,2.692914388177096,2.776583354957318,2.858106384129637,2.9375250913790865,3.014879540358999,3.0902083168938983,3.163548598357904,3.234936218541268,3.304405728293135,3.371990452206928,3.4377225415947055,3.5016330239787448,3.563751849312242,3.6241079331259574,3.6827291967841753,3.7396426050208786,3.7948742009158662,3.8484491384601722,3.9003917128509578,3.9507253886473457,3.9994728259109555,4.04665590444781,4.092295746261604,4.136412736322522,4.179026541750142,4.220156129503937,4.259819782670299,4.298035115430472,4.3348190867900085,4.370188013146424,4.404157579768309,4.436742851255868,4.467958281049761,4.497817720052108,4.526334424420842,4.55352106259582,4.579389721612573,4.603951912757059,4.627218576612389,4.649200087546108,4.669906257684301,4.689346340416497,4.707529033473081,4.724462481614712,4.7401542789709055,4.754611471062809,4.767840556542905,4.779847488682095,4.790637676632418,4.800215986491352,4.808586742191307,4.81575372623577,4.821720180300985,4.8264888057200075,4.830061763863366,4.832440676428356,4.833626625646563,4.83362015441679,4.832421266368227,4.830029425856258,4.826443557890928,4.821662047995626,4.815682741991239,4.808502945698523,4.800119424549154,4.790528403093444,4.779725564390422,4.767706049263585,4.754464455403278,4.7399948362943976,4.724290699945723,4.707345007394924,4.689150170961119,4.669698052214364,4.648979959629452,4.626986645889011,4.603708304798639,4.579134567774704,4.553254499863024,4.52605659524448,4.497528772181284,4.467658367355355,4.436432129547779,4.403836212606016,4.369856167643017,4.334476934409729,4.297682831779915,4.259457547283384,4.219784125620698,4.178644956089473,4.1360217588489645,4.09189556994623,4.04624672502332,3.9990548416210157,3.950298799990267,3.8999567223177465,3.8480059502669834,3.7944230207309215,3.7391836396858475,3.6822626540300196,3.6236340212832427,3.5632707770158687,3.501144999867085,3.4372277740030355,3.3714891488551233,3.3038980959674573,3.23442246277017,3.1630289230816415,3.08968292412776,3.0143486298499638,2.9369888602555534,2.8575650265440533,2.776037061721209,2.6923633463881957,2.606500629366773,2.5184039427917777,2.428026511269729,2.3353196546665016,2.2402326840473186,2.1427127902483285,2.042704924510747,1.9401516705546429,1.8349931074100434,1.727166662257229,1.6166069524550002,1.5032456158548324,1.3870111284089246,1.2678286079806333,1.1456196031550478,1.0203018657246197,0.8917891053884219,0.7599907250519566,0.6248115349463758,0.48615144359885815,0.3439051234790899,0.19796164891661025,0.048204103629617405,-0.10549084507546753,-0.2632534086846609,-0.4252211800292983,-0.5915396799771153,-0.7623629526343767,-0.9378542138730706,-1.1181865584694726,-1.303543731640958,-1.494120971288323,-1.6901259277786427,-1.8917796686178936,-2.099317775832309,-2.3129915442544715,-2.5330692891261437,-2.7598377713815703,-2.993603748515696,-3.234695657857474,-3.4834654370519176,-3.7402904831637303,-4.005575746412892,-4.279755946223336,-4.563297884686451,-4.856702813801318,-5.160508785183458,-5.475292870307811,-5.8016730799024865,-6.140309724258487,-6.491905829400498,-6.857206038822799,-7.236993159737516,-7.6320811167706815,-8.043302496747543,-8.471488021669145,-8.917434053716374,-9.381852451120782,-9.865294541297946,-10.368037405369858,-10.889915855231273,-11.430077441483647,-11.986631292464567,-12.556157083648307,-13.13304437459304,-13.708658497163293,-14.27040113675978,-14.80088315484192,-15.27766723520048,-15.67429245740479,-15.963298500418773,-16.12131499102143,-16.1348787456621,-16.00438270108019,-15.743957819620324,-15.377357994695187,-14.932122764288033,-14.434577457241112,-13.906925117947665,-13.36630923095489,-12.825116942391892,-12.2918211140292,-11.771917915982248,-11.268752614836968,-10.78417085395516,-10.319001494557343,-9.873401376695695,-9.447095594694458,-9.039542159981753,-8.650043371505864,-8.277820227010048,-7.922061463837853,-7.581955305582637,-7.256709484911191,-6.945563361833663,-6.647794747430096,-6.362723213173557,-6.089711098157168,-5.828163038361595,-5.577524576696133,-5.337280230961681,-5.106951272562251,-4.886093383653004,-4.674294302137937,-4.4711715241129415,-4.276370106236294,-4.089560592153629,-3.9104370747902486,-3.7387153981775563,-3.5741314972048825,-3.4164398703839494,-3.2654121787568826,-3.120835963035189,-2.982513470625976,-2.8502605841725237,-2.7239058434650287,-2.603289552963506,-2.4882629676507193,-2.3786875504519154,-2.274434294989233,-2.1753831079628014,-2.0814222459536484,-1.99244780191965,-1.908363237100191,-1.8290789544566661,-1.7545119101544833,-1.6845852599389142,-1.619228037573888,-1.558374862801115,-1.5019656765396514,-1.4499455012849893,-1.4022642248842683,-1.3588764060626102,-1.3197411002564639,-1.2848217044757406,-1.2540858200684446,-1.2275051324017339,-1.2050553066030774,-1.1867158986257798,-1.1724702810161183,-1.1623055828657496,-1.1562126435340558,-1.1541859798218044,-0.3492181135289272,-1.5218322976167629,-1.263348041526936,1.0420868373203604,1.5096673665298135,1.7207601071135947
-1.1903966130005956,-1.192357391733509,-1.1982452959826475,-1.2080648637284148,-1.2218236760572394,-1.2395323853668305,-1.2612047551245507,-1.2868577114518644,-1.3165114068911619,-1.3501892967985043,-1.3879182288982348,-1.4297285466341219,-1.4756542070575385,-1.5257329141082203,-1.5800062682681026,-1.6385199337058112,-1.70132382418032,-1.7684723091389756,-1.8400244416305025,-1.9160442098595913,-1.9966008144404233,-2.0817689736646314,-2.171629259389255,-2.2662684664769612,-2.3657800190891827,-2.4702644175492,-2.579829729963614,-2.6945921333248095,-2.81467650942347,-2.9402171015889635,-3.07135823905832,-3.208255136665075,-3.3510747785515953,-3.4999968957595833,-3.6552150488602635,-3.8169378282671107,-3.9853901865484347,-4.160814918942605,-4.343474310388764,-4.5336519697291155,-4.731654874309324,-4.937815650975926,-5.152495122382794,-5.3760851504563325,-5.609011811625802,-5.8517389406579445,-6.1047720810835715,-6.36866287937038,-6.644013955759135,-6.931484274796508,-7.2317950195445615,-7.545735939687328,-7.874172086580482,-8.218050753959696,-8.578408289781297,-8.956376197919875,-9.35318555293399,-9.770168118214347,-10.208751544987258,-10.670444407289812,-11.15680422747607,-11.669377481330429,-12.209593926839597,-12.778587109988067,-13.376896701936188,-14.003984404823482,-14.657463023582679,-15.331904181294764,-16.017080684949338,-16.695590418794673,-17.34016360157828,-17.911805155619472,-18.361249834167037,-18.636875432285272,-18.699550347552616,-18.5379921511969,-18.173812760567486,-17.65207824048432,-17.024964182363323,-16.338854578549462,-15.628821100352777,-14.918601834910575,-14.22293521520186,-13.550222346778177,-12.904709125276252,-12.288045525401214,-11.700323817667291,-11.140742535739001,-10.60802033442692,-10.100648882838016,-9.617044296332779,-9.155635402810592,-8.714913034203521,-8.293455481816887,-7.8899395452330525,-7.503143032425646,-7.131942339765937,-6.775307349860867,-6.432295016631368,-6.102042464230167,-5.783760087287913,-5.4767249286504605,-5.180274479833663,-4.893800969158672,-4.616746154226446,-4.348596607210182,-4.0888794658803755,-3.8371586155522133,-3.593031264219926,-3.3561248730836066,-3.126094406256069,-2.902619865890918,-2.6854040818184015,-2.474170727722774,-2.2686625387712365,-2.068639708315038,-1.873878443780753,-1.6841696641353177,-1.4993178233431592,-1.3191398460467783,-1.1434641633101124,-0.9721298376842386,-0.8049857681067607,-0.6418899662476362,-0.4827088968820312,-0.32731687572171403,-0.17559551888328997,-0.027433238828642476,0.1172752178100847,0.2586291946005756,0.3967225155080779,0.5316438441591427,0.6634770150623954,0.7923013393700531,0.9181918874927776,1.0412197506401435,1.1614522831461809,1.278953327250574,1.3937834218384144,1.505999996492272,1.615657552077368,1.7228078289624669,1.827499963873269,1.9297806362807848,2.029694205142589,2.127282836739425,2.222586624281613,2.3156436998990144,2.4064903395736077,2.495161061524461,2.5816887185108017,2.6661045844787745,2.748438435941698,2.8287186284509707,2.9069721684854604,2.9832247810606565,3.05750097333473,3.129824094466876,3.200216391963446,3.268699064729484,3.3352923130267387,3.400015385524612,3.462886623616581,3.5239235031625467,3.5831426738061145,3.6405599960054165,3.6961905759067437,3.750048798181478,3.8021483569388,3.8525022848194377,3.9011229803687923,3.9480222337816713,3.993211251104975,4.036700676979396,4.078500615996188,4.118620652740431,4.157069870587912,4.193856869318651,4.22898978160639,4.262476288439714,4.2943236335271315,4.324538636735248,4.353127706606207,4.3800968519975285,4.405451692884935,4.429197470365897,4.451339055899303,4.471880959814051,4.490827339117044,4.508182004628844,4.523948427472929,4.538129744942308,4.550728765765216,4.5617479747894105,4.571189537102663,4.579055301604857,4.585346804045314,4.590065269536811,4.593211614555905,4.594786448437265,4.594790074367642,4.593222489883427,4.5900833868735615,4.585372151087893,4.579087861149052,4.57122928706397,4.561794888229372,4.550782810923523,4.538190885274693,4.524016621694696,4.508257206764084,4.490909498553403,4.471970021363037,4.451434959862003,4.429300152604052,4.405561084897313,4.380212881001457,4.353250295624185,4.3246677046865445,4.294459095324255,4.262618055089655,4.229137760316494,4.194010963607038,4.1572299803982995,4.11878667456124,4.078672442983819,4.036878199085533,3.9933943552077955,3.9482108038208326,3.9013168974840733,3.852701427492886,3.802352601140294,3.7502580175175364,3.696404641772484,3.640778777739546,3.583366038848839,3.5241513172162477,3.463118750809203,3.4002516885756577,3.335532653415718,3.2689433028668207,3.200464387363703,3.1300757059242383,3.0577560591007273,2.983483199024035,2.907233776354225,2.8289832839365165,2.7487059969450973,2.6663749092792086,2.5819616659561753,2.4954364912242646,2.4067681120941193,2.3159236769609555,2.2228686689603587,2.1275668136680204,2.02997998071769,1.9300680788718372,1.827788944035196,1.7230982196521758,1.6159492288745159,1.5062928378246836,1.3940773092127443,1.279248145488704,1.1617479206281234,1.0415160995541166,0.9184888440934085,0.7925988042456291,0.6637748934122867,0.5319420460827032,0.3970209563063726,0.2589277950926184,0.11757390466539458,-0.0271345327390563,-0.17529685411518647,-0.32701830586240216,-0.482410468128592,-0.6415917169551208,-0.8046877283023752,-0.9718320285428654,-1.1431665965860336,-1.318842523455477,-1.499020735886341,-1.6838727913610696,-1.8735817529696965,-2.0683431535816448,-2.268366060067896,-2.4738742497321287,-2.6851075127169226,-2.902323095963983,-3.1257973063411653,-3.3558272928142645,-3.5927330300381484,-3.836859528450977,-4.088579298830996,-4.348295102220497,-4.616443018965714,-4.8934958730724984,-5.179967049657353,-5.47641474321154,-5.783446671466798,-6.1017252819229375,-6.431973462528856,-6.774980739824423,-7.131609899542713,-7.502803884407271,-7.889592692926401,-8.293099791673175,-8.714547214462801,-9.155257979097485,-9.616653583952793,-10.100242956191977,-10.607596994901527,-11.140299281234402,-11.699857820280176,-12.287553629903798,-12.904187891960836,-13.549668181214168,-14.222344658950385,-14.917972139298348,-15.62815126631599,-16.338147086093237,-17.024227543260707,-17.651330047668495,-18.17308181326944,-18.537316865201635,-18.698970998626613,-18.636422106552295,-18.360933367149094,-17.911617085869114,-17.340083450359053,-16.695594112651044,-16.01714607727008,-15.332013294319836,-14.65760224845657,-14.004143839613711,-13.37706929961569,-12.778767915761255,-12.20977948008973,-11.66956537485953,-11.15699279254322,-10.670632491848961,-10.208938358466803,-9.770353122969087,-9.35336838819331,-8.956556626329853,-8.578586159687699,-8.218225972701493,-7.874344601523447,-7.545905724729188,-7.2319620655090935,-6.93164858260661,-6.644175531605332,-6.368821731318403,-6.10492821672338,-5.85189236550832,-5.609162528088181,-5.3762331571678645,-5.152640413859201,-4.937958217464104,-4.731794701790813,-4.533789040031019,-4.343608601370282,-4.16094640473331,-3.9855188378209,-3.8170636125311006,-3.6553379307688454,-3.5001168374202236,-3.3511917398372053,-3.208369075521309,-3.0714691118044635,-2.9403248632106243,-2.814781113855813,-2.6946935337254625,-2.5799278789748175,-2.4703592675488077,-2.3658715224305644,-2.2663565757176367,-2.1717139275085096,-2.081850154270169,-1.9966784619642899,-1.916118279743556,-1.8400948905010899,-1.7685390949724442,-1.7013869064576845,-1.6385792735582245,-1.5800618286127128,-1.5257846597747453,-1.4757021049056762,-1.4297725656619844,-1.3879583403419227,-1.3502254742229862,-1.3165436262725354,-1.286885951251116,-1.2612289963529146,-1.2395526116428042,-1.2218398736553369,-1.2080770216197136,-1.1982534058671772,-1.1923614480644893,-1.1903966130005956,-1.612958691463058,-1.727826804216072,-0.535027918612675,0.8554166823878422,1.704862260743322,1.5229354382531024
-4.637622117443512,-4.63947162662599,-4.64505555771777,-4.654377888977432,-4.6674452733087985,-4.684267063568866,-4.704855348256331,-4.729224997825314,-4.75739372194392,-4.789382138095938,-4.825213852007579,-4.864915550470669,-4.908517107230184,-4.956051702709098,-5.007555958458311,-5.063070087345939,-5.122638060640253,-5.1863077932961215,-5.254131348928843,-5.326165166154206,-5.402470308193124,-5.483112737887376,-5.568163620553831,-5.657699657424271,-5.751803452782171,-5.8505639183244265,-5.95407671875385,-6.062444763157644,-6.175778747360629,-6.294197753174754,-6.417829911315886,-6.546813135747133,-6.681295938360066,-6.8214383342532345,-6.967412849448716,-7.119405644748214,-7.277617771627245,-7.442266578667444,-7.613587290118349,-7.791834781865515,-7.977285584490685,-8.170240148403238,-8.371025412399986,-8.579997724723654,-8.797546175053043,-9.024096407265812,-9.260114996767108,-9.506114493305157,-9.76265925129846,-10.030372195791495,-10.309942704520571,-10.602135826828043,-10.907803110343906,-11.227895368976625,-11.563477803879625,-11.915747986267814,-12.286057331163164,-12.675936838005192,-13.08712804953724,-13.521620381524633,-13.981696187874384,-14.469985107202916,-14.989529288661627,-15.543860793703672,-16.13709132719183,-16.774011401247666,-17.460188755000125,-18.202039224212776,-19.00680586743327,-19.882298339826544,-20.836056586789677,-21.873185291907316,-22.991214554000052,-24.168686908844247,-25.342446044604877,-26.373457522170163,-27.033396605359474,-27.097796451735437,-26.535713347717543,-25.54189577978491,-24.3579278485482,-23.1452225210322,-21.981729436815435,-20.896237145372396,-19.894348787014454,-18.972109955488573,-18.12226556877481,-17.336937352885478,-16.608685503014676,-15.930865562680497,-15.297688339476077,-14.704162998358292,-14.146001853049661,-13.619520052047287,-13.121543166873531,-12.649326802048693,-12.200488568601429,-11.772951293473014,-11.364895894307779,-10.97472234381649,-10.601017310633301,-10.24252727355657,-9.89813611181837,-9.566846356182769,-9.247763439289884,-8.940082409922345,-8.643076678204496,-8.35608844107788,-8.078520503418709,-7.809829263063106,-7.549518670428197,-7.2971350075034405,-7.052262358446901,-6.814518666213831,-6.583552287641304,-6.359038974059428,-6.1406792164647195,-5.928195904102022,-5.721332253376645,-5.519849970689234,-5.323527618317746,-5.132159157073993,-4.945552643306488,-4.763529061043079,-4.585921272775307,-4.412573074671821,-4.243338343941588,-4.078080267709462,-3.9166706441639554,-3.7589892479307356,-3.604923252646994,-3.454366704589444,-3.307220041963903,-3.1633896551165,-3.022787483490517,-2.8853306456421786,-2.750941099053983,-2.619545326854787,-2.4910740488793874,-2.3654619547834725,-2.2426474571782054,-2.122572462966683,-2.0051821612566254,-1.890424826392927,-1.7782516348034025,-1.668616494483328,-1.5614758860619795,-1.4567887144983893,-1.3545161705464583,-1.2546216012121234,-1.1570703884988878,-1.0618298358040354,-0.9688690613866371,-0.8781588983814165,-0.789671800879737,-0.7033817556417453,-0.6192641990418909,-0.5372959388845813,-0.4574550807578599,-0.3797209586211737,-0.3040740693485822,-0.23049601097191005,-0.15896942438919215,-0.08947793832260434,-0.0220061173274177,0.04346058733092462,0.10693588410016967,0.16843268502066888,0.22796314720453556,0.2855387120473573,0.3411701422953373,0.3948675570816617,0.44664046503736843,0.49649779557448454,0.5444479284319105,0.5904987215681222,0.6346575374786494,0.6769312680106898,0.7173263577420821,0.7558488259869801,0.7925042874861161,0.8272979718353778,0.8602347417025167,0.8913191098780748,0.9205552552033414,0.9479470374147494,0.9734980109412124,0.9972114376879533,1.019090298837692,1.0391373056974238,1.057354909616621,1.0737453110002244,1.088310467437652,1.101052100966762,1.1119717044896897,1.1210705473553757,1.12834968012169,1.1338099385080784,1.1374519465477695,1.1392761189468288,1.1392826626553192,1.1374715776542754,1.133842656960191,1.1283954858470584,1.1211294402841743,1.11204368458615,1.101137168269736,1.088408622110252,1.0738565533886337,1.0574792403180462,1.0392747256373418,1.0192408093563863,0.9973750406364872,0.9736747087868912,0.9481368333562015,0.9207581532953278,0.8915351151661799,0.8604638603678337,0.8275402113493878,0.7927596567759134,0.7561173356110956,0.717608020077043,0.6772260974486362,0.6349655506362353,0.5908199375069946,0.5447823688910925,0.49684548521500704,0.44700143169955187,0.39524183205543434,0.34155776060408827,0.28593971274576974,0.22837757369103928,0.16886058536498882,0.10737731138674084,0.04391560001883502,-0.021537455027189515,-0.08899555605175741,-0.1584732452275614,-0.22998595100280694,-0.30355003720286017,-0.3791828549988361,-0.4569027979258137,-0.5367293601491321,-0.6186831981943178,-0.7027861963752045,-0.7890615361755626,-0.8775337698627149,-0.9682288986367962,-1.0611744556476241,-1.1563995942421168,-1.2539351818397608,-1.3538138998718212,-1.4560703502625818,-1.5607411689783293,-1.6678651472223325,-1.7774833609132148,-1.889639309149733,-2.0043790624386992,-2.121751421545327,-2.2418080879178257,-2.3646038467424235,-2.490196763802017,-2.618648397444309,-2.7500240271142995,-2.8843929000756123,-3.0218284981367165,-3.1624088264160486,-3.306216726428154,-3.453340216055696,-3.6038728592956253,-3.75791416903773,-3.9155700465588614,-4.076953261904775,-4.24218397989494,-4.411390337137011,-4.584709076191947,-4.762286243907512,-4.944277961958129,-5.130851278821398,-5.3221851138173175,-5.518471305475698,-5.719915778428666,-5.926739845307156,-6.139181662825722,-6.357497864456941,-6.581965395936051,-6.812883584433276,-7.050576477754972,-7.295395496596441,-7.547722450932443,-7.807972981427591,-8.076600498696198,-8.354100707864479,-8.641016823856969,-8.937945604985636,-9.245544359836456,-9.564539116478477,-9.895734185372465,-10.24002340016909,-10.598403386498541,-10.971989291052926,-11.362033505433264,-11.76994804530353,-12.197331398804375,-12.646000840142111,-13.118031409918851,-13.615802973889775,-14.142056935338127,-14.699964173116149,-15.293205339749665,-15.92606319635963,-16.60352290962496,-17.331367405318908,-18.116234810906253,-18.965559977691633,-19.88722108375003,-20.88848604341132,-21.973353210251098,-23.136333779340063,-24.3488999819577,-25.53361344266446,-26.529789613274787,-27.096155329620014,-27.03679768622854,-26.380679094535864,-25.351519445645664,-24.178175904353132,-23.000393275313,-21.881772034343705,-20.843984148633083,-19.88958950397346,-19.01351559797788,-18.20822978032033,-17.4659197195241,-16.779336218460568,-16.142056588818786,-15.54850661595923,-14.99389005912889,-14.474090296266118,-13.985571103993964,-13.525286830738159,-13.09060489408189,-12.679240462506405,-12.28920202907841,-11.91874627954766,-11.566340707541865,-11.230632610571774,-10.910423312584857,-10.60464666014111,-10.312351014994402,-10.032684112948662,-9.764880279262695,-9.508249588252804,-9.262168633003498,-9.026072633828917,-8.79944866439593,-8.581829814745854,-8.372790142871432,-8.171940292641908,-7.9789236770071685,-7.79341314256754,-7.615108045570445,-7.443731680820425,-7.2790290143665,-7.12076467855518,-6.968721194424974,-6.822697391719105,-6.682507001208404,-6.547977397706891,-6.418948475257887,-6.295271638573813,-6.176808897012354,-6.063432049234994,-5.955021948277299,-5.851467838109787,-5.752666753922084,-5.658522979352041,-5.568947554732402,-5.483857831160845,-5.403177065833656,-5.326834054633274,-5.254762798438268,-5.1869022000413505,-5.123195788925708,-5.063591471469973,-5.008041304433213,-4.956501289819842,-4.908931189444022,-4.865294357708212,-4.825557591284792,-4.789690994545316,-4.7576678597220825,-4.729464560913364,-4.705060461158455,-4.684437831913881,-4.66758178435869,-4.654480212046176,-4.645123744503218,-4.639505711456932,-4.63762211744351,-0.6771817912286162,-0.6852818961741074,-1.0670153646392697,0.5988878436570795,1.6472418456331073,1.258727818023847
-5.1555685994195075,-5.158421333689308,-5.166983953362529,-5.181267311465717,-5.201289549111825,-5.227076175185605,-5.258660178713345,-5.296082174731744,-5.339390584708937,-5.3886418528116895,-5.443900699556856,-5.505240414630476,-5.572743190902654,-5.646500501906263,-5.726613525277057,-5.8131936148624845,-5.906362824384118,-6.006254485665506,-6.113013844487366,-6.226798757070458,-6.347780449962265,-6.476144345648818,-6.612090955432695,-6.755836839881264,-6.9076156352764615,-7.0676791417402764,-7.236298464726624,-7.413765195887741,-7.6003926112872255,-7.796516853633523,-8.00249804938544,-8.218721289474448,-8.445597371539924,-8.683563158544356,-8.933081348607153,-9.19463936711242,-9.468746975139966,-9.755932024801178,-10.05673356370546,-10.371691172111133,-10.701328972730447,-11.046132138706223,-11.406512881327833,-11.782761756133073,-12.174978613751005,-12.582975597182106,-13.006142301396935,-13.443260851319504,-13.892257019377167,-14.34987439150094,-14.811265539306897,-15.269513273117603,-15.715135083495548,-16.13569322727577,-16.51572933907256,-16.837332137699207,-17.08164195173405,-17.23137087937951,-17.273922669883753,-17.20413740778353,-17.02552609111916,-16.749417443604923,-16.392420260725032,-15.973286281706597,-15.510225133281786,-15.019200655491396,-14.51320502735528,-14.00222920572698,-13.493611073814781,-12.992522961171764,-12.502459357406423,-12.02566093422032,-11.563456083493072,-11.11652354586406,-10.685088411231696,-10.269065474227162,-9.86816259331354,-9.481954396566659,-9.109934344342964,-8.75155115697462,-8.406234026453326,-8.073409822907754,-7.752514611360844,-7.443001140980808,-7.144343496821339,-6.856039764557911,-6.577613315370067,-6.308613143891453,-6.048613567444211,-5.797213505484457,-5.554035494216838,-5.31872454548366,-5.090946926158065,-4.870388910705498,-4.656755542702532,-4.449769429042253,-4.249169581965829,-4.054710317973896,-3.8661602183914123,-3.6833011533840008,-3.5059273691870936,-3.3338446369487036,-3.1668694607102346,-3.0048283415188095,-2.847557094378005,-2.694900214628064,-2.546710290348921,-2.4028474574607364,-2.2631788943296414,-2.127578352851146,-1.9959257231657812,-1.8681066293515696,-1.7440120536282726,-1.6235379867949522,-1.506585102801993,-1.3930584555290517,-1.282867196001236,-1.1759243084254258,-1.0721463635685071,-0.9714532881277944,-0.8737681488634014,-0.7790169503712886,-0.6871284454765525,-0.5980339573184275,-0.5116672122827632,-0.4279641830149847,-0.3468629408168364,-0.26830351679473824,-0.19222777118622358,-0.11857927034465301,-0.04730317091132706,0.021653889251234546,0.08834389375038457,0.15281754432715386,0.21512435180740516,0.2753127216240237,0.33343003416600303,0.38952272018459444,0.4436363314637338,0.49581560694094684,0.5461045344459236,0.5945464082070147,0.6411838822603572,0.686059019882785,0.7292133391572447,0.7706878547688317,0.8105231161198869,0.8487592418445106,0.8854359507957726,0.9205925895729495,0.9542681566514921,0.9865013231744015,1.01733045046114,1.046793604288223,1.0749285659947914,1.101772840466365,1.1273636610507927,1.151737991461967,1.174932524729271,1.196983679253722,1.2179275920356079,1.2378001091427444,1.2566367734935588,1.2744728100346547,1.2913431083986646,1.307282203134625,1.3223242516100067,1.336503009690764,1.3498518053131525,1.362403510068802,1.3741905089321993,1.385244668267538,1.3955973022596482,1.4052791379212093,1.4143202788359044,1.4227501678040944,1.430597548564361,1.4378904267701345,1.4446560304064515,1.4509207698364366,1.4567101976714016,1.4620489686615004,1.4669607998063166,1.4714684308859471,1.4755935856134397,1.4793569336085663,1.4827780533908523,1.4858753965865534,1.4886662535398643,1.491166720512873,1.4933916686520199,1.4953547148905164,1.4970681949470488,1.498543138570529,1.4997892471691738,1.5008148739496057,1.5016270066781987,1.5022312531624764,1.5026318295353267,1.5028315514090012,1.5028318279495654,1.5026326589059005,1.502232634610231,1.5016289389502817,1.5008173552958932,1.4997922753461321,1.498546710846142,1.4970723081067892,1.4953593652443653,1.493396852042451,1.4911724323238298,1.4886724887066372,1.4858821496065584,1.48278531833524,1.4793647041346423,1.4756018549778147,1.4714771919584102,1.4669700450843366,1.462058690285346,1.4567203874397934,1.4509314192227083,1.4446671305751526,1.4379019685940266,1.4306095226417734,1.422762564476561,1.4143330882060794,1.4052923498709757,1.3956109064684117,1.3852586542306429,1.3742048659794581,1.3624182273830796,1.3498668719489817,1.3365184145929891,1.3223399836324017,1.3072982510584883,1.2913594609513692,1.2744894559081246,1.2566537013626888,1.2378173076837493,1.2179450499442797,1.1970013852636303,1.1749504676298712,1.1517561601166597,1.1273820444149125,1.101791427605137,1.0749473461012473,1.0468125667011126,1.0173495846828549,0.9865206188889162,0.9542876037423654,0.9206121781414174,0.8854556711789391,0.8487790846336875,0.810543072179088,0.7707079152535026,0.7292334955332164,0.6860792639455244,0.6412042061545299,0.5945668044464143,0.546124995933831,0.49583612699091645,0.44365690382094447,0.3895433390476977,0.33345069420965046,0.27533341802205685,0.21514508025677914,0.15283830107271693,0.08836467561051442,0.021674693644508223,-0.04728234593845347,-0.11855842608895514,-0.19220690825755896,-0.26828263508449296,-0.34684203946486053,-0.42794326037486274,-0.511646265885214,-0.5980129838327469,-0.6871074406698439,-0.778995909065259,-0.8737470648885025,-0.9714321542744097,-1.072125171534911,-1.1759030487621298,-1.2828458580513522,-1.3930370273642905,-1.5065635711536582,-1.6235163369795746,-1.7439902694670768,-1.8680846930831696,-1.9959036153512846,-2.1275560522707067,-2.263156377869482,-2.402824699989426,-2.5466872645815815,-2.6948768909769387,-2.8475334407876822,-3.004804323284053,-3.1668450402741017,-3.333819773678387,-3.505902019124339,-3.6832752689666792,-3.8661337481421336,-4.054683206151052,-4.249141768171613,-4.449740847781389,-4.656726122884542,-4.870358575081923,-5.090915590685041,-5.3186921185983715,-5.554001876014702,-5.7971785867818895,-6.048577228709232,-6.308575254021974,-6.577573730296673,-6.85599832564486,-7.144300029036515,-7.442955450802482,-7.752466484387281,-8.073359021135516,-8.40618028519348,-8.751494181385059,-9.109873805574308,-9.481889927554747,-9.868093784314068,-10.268991868293462,-10.685009500009919,-11.116438766359382,-11.56336481690014,-12.025562508589989,-12.502353056936503,-12.992408046368276,-13.49348681872645,-14.002094960777871,-14.513060318368145,-15.01904532968027,-15.510059557992243,-15.973111586310262,-16.39223858125564,-16.749232085355768,-17.025341487051307,-17.203958764205296,-17.273755295828643,-17.231219367006453,-17.081509494091215,-16.837220221645573,-16.515637859599998,-16.13562088545877,-15.715079869165054,-15.269472884499386,-14.811237677835898,-14.349856933614138,-13.892248095220346,-13.443258863955016,-13.006145913154711,-12.58298370090451,-12.17499029940193,-11.782776278285933,-11.406529630033145,-11.04615061456067,-10.701348766115348,-10.371711946186362,-10.056755040616816,-9.755953974555895,-9.46876920665862,-9.194661721036363,-8.93310369151351,-8.683585378285608,-8.44561937348118,-8.218742993447437,-8.002519387215303,-7.796537767124568,-7.6004130505772025,-7.413785118098812,-7.236317832856045,-7.0676979237453015,-6.907633803317123,-6.755854369691936,-6.612107825799017,-6.476160537971119,-6.347795947890297,-6.226813546196909,-6.11302791209022,-6.006267820490974,-5.906375416463339,-5.813205455356578,-5.726624606345901,-5.646510816597217,-5.572752733056241,-5.505249178800287,-5.443908680941661,-5.388649047197934,-5.339396988422149,-5.296087784595658,-5.2586649920157065,-5.227080189649833,-5.201292762873841,-5.181269723055433,-5.166985561689498,-5.15842213803226,-5.1555685994195075,-1.2150967282871399,-1.7620827884704768,-1.9140912476085994,1.5567912334198128,1.8934971176505668,1.0607316365886792
-14.14021491175923,-14.14361107291448,-14.153854561052547,-14.170965714421138,-14.194978596122532,-14.225941210023024,-14.263915806926013,-14.3089792849057,-14.361223688934704,-14.420756816270725,-14.487702935518488,-14.562203628880894,-14.644418768885181,-14.734527642847885,-14.832730240557495,-14.939248723139986,-15.054329093861853,-15.17824309474554,-15.311290356343036,-15.453800831835196,-15.606137550767404,-15.768699732112285,-15.941926300794973,-16.126299856011176,-16.32235114306627,-16.53066408215104,-16.75188140594692,-16.986710950783788,-17.23593262933112,-17.500406080170006,-17.781078930911406,-18.078995510420565,-18.39530567570701,-18.73127313715208,-19.088282201821198,-19.467841093626674,-19.87157876172852,-20.30123004241385,-20.75860068007218,-21.24549819802254,-21.763605588907616,-22.314260185828502,-22.89807694724648,-23.514320469397347,-24.159882493957547,-24.82767246408962,-25.50422581337849,-26.16651645421683,-26.778617772122605,-27.290329959862817,-27.641788847132823,-27.77768888332386,-27.667992052361253,-27.32197963323454,-26.78370387512093,-26.112913409636658,-25.366203755574688,-24.5873660390226,-23.806080441356947,-23.040574511788805,-22.301045843206865,-21.59251199958858,-20.916826633396926,-20.27399558763313,-19.662998621392877,-19.082288333879823,-18.530086549333344,-18.00455632181211,-17.5038985276946,-17.02640317480732,-16.570473804475046,-16.134636146496387,-15.717537785043557,-15.317942912809933,-14.934724617459716,-14.566856148318635,-14.213402003584898,-13.873509308287925,-13.546399728987845,-13.231362036690182,-12.927745350187724,-12.63495304677378,-12.352437302824796,-12.079694214943302,-11.816259448094728,-11.561704357302379,-11.315632532027706,-11.077676716157479,-10.847496060820296,-10.62477367163327,-10.409214416193482,-10.200542961550251,-9.998502014966084,-9.802850744481505,-9.613363358650837,-9.429827827334458,-9.252044727647341,-9.07982620110376,-8.912995009694809,-8.75138368011754,-8.594833726668195,-8.443194944441451,-8.296324765463483,-8.154087671248105,-8.01635465601837,-7.883002735494868,-7.753914496729579,-7.628977684970421,-7.508084823986465,-7.39113286667502,-7.278022873116308,-7.1686597135452885,-7.062951793978717,-6.960810802472817,-6.8621514741975425,-6.766891373699852,-6.67495069289453,-6.586252063468602,-6.500720382517137,-6.4182826503456125,-6.338867819479329,-6.262406654014154,-6.188831598527526,-6.118076655844332,-6.050077273020412,-5.98477023496791,-5.922093565201994,-5.861986433238577,-5.804389068217734,-5.749242678368558,-5.696489375968207,-5.646072107481594,-5.597934588598532,-5.552021243913087,-5.508277151014878,-5.4666479887850405,-5.427079989710269,-5.389519896047295,-5.35391491968718,-5.320212705584359,-5.288361298629224,-5.258309113855897,-5.230004909887773,-5.203397765533898,-5.17843705945788,-5.155072452849132,-5.133253875032965,-5.112931511961928,-5.094055797535823,-5.07657740770174,-5.060447257288725,-5.045616499533947,-5.032036528258789,-5.019658982654086,-5.008435754633551,-4.9983189987138,-4.989261144377907,-4.981214910877099,-4.974133324422618,-4.967969737716002,-4.962677851762281,-4.958211739905672,-4.954525874022336,-4.951575152799028,-4.949314932020341,-4.947701056780753,-4.946689895530772,-4.946238375859373,-4.946304021907443,-4.946844993299502,-4.947820125473256,-4.949188971278925,-4.950911843712661,-4.952949859640973,-4.955264984365839,-4.957820076873263,-4.960578935601568,-4.96350634455971,-4.966568119620407,-4.969731154808195,-4.9729634683983805,-4.976234248639786,-4.9795138989116925,-4.982774082124216,-4.985987764170831,-4.9891292562427205,-4.992174255816179,-4.995099886127648,-4.997884733954852,-5.000508885528047,-5.002953960401777,-5.005203143125447,-5.007241212559606,-5.009054568695004,-5.010631256842344,-5.011960989072669,-5.013035162801215,-5.013846876421226,-5.014390941908688,-5.014663894333965,-5.0146639982318675,-5.014391250797614,-5.013847381892304,-5.013035850857924,-5.01196184015811,-5.010632245877148,-5.009055665125635,-5.007242380416717,-5.00520434109192,-5.002955141889954,-5.000509998765667,-4.997885722079098,-4.995100687286663,-4.992174803277425,-4.9891294785074205,-4.98598758509375,-4.98277342103801,-4.979512670755029,-4.976232364088339,-4.972960833997954,-4.969727673109044,-4.966563689311949,-4.963500860604725,-4.9605722893690904,-4.957812156269302,-4.955255673961086,-4.952939040794742,-4.950899394692236,-4.949174767373601,-4.947804039102311,-4.946826894113445,-4.946283776881858,-4.9462158493807316,-4.946664949473645,-4.9476735505758604,-4.949284722712931,-4.9515420950970945,-4.954489820334267,-4.958172540366888,-4.96263535425053,-4.967923787854929,-4.974083765573363,-4.981161584117596,-4.989203888469657,-4.998257650055919,-5.008370147203802,-5.019588947936825,-5.0319618951595615,-5.045537094280616,-5.060362903318964,-5.07648792553675,-5.093961004640112,-5.112831222588997,-5.133147900056749,-5.154960599581004,-5.178319131449016,-5.2032735623628,-5.229874226932681,-5.258171742051805,-5.2882170242092075,-5.320061309804793,-5.353756178536471,-5.389353579937578,-5.426905863151634,-5.466465810041541,-5.50808667174169,-5.551822208774009,-5.597726734862918,-5.645855164599698,-5.696263065123858,-5.7490067120078425,-5.804143149552297,-5.861730255721939,-5.921826811977178,-5.984492578284353,-6.049788373618002,-6.117776162302175,-6.188519146574736,-6.262081865799647,-6.338530302797359,-6.417931997813334,-6.500356170700138,-6.5858738519498425,-6.67455802328168,-6.766483768565452,-6.86172843594573,-6.960371812125732,-7.062496309874907,-7.1681871699415325,-7.277532678683305,-7.390624402876268,-7.507557443328454,-7.628430709110749,-7.7533472144280875,-7.882414400391058,-8.015744484216224,-8.15345483868722,-8.295668405052538,-8.44251414292726,-8.594127521209748,-8.750651054530687,-8.91223489032848,-9.079037452303345,-9.251226146754725,-9.428978139167043,-9.612481209393959,-9.801934694918767,-9.997550532961526,-10.199554413683279,-10.408187058432647,-10.623705638917881,-10.846385355398526,-11.076521194506459,-11.314429890153795,-11.560452114188266,-11.814954927023646,-12.07833452238852,-12.351019304544588,-12.633473340697737,-12.926200235619998,-13.22974747928951,-13.544711320916234,-13.871742222854007,-14.211550943653666,-14.564915287733218,-14.932687534750443,-15.31580251660085,-15.715286230886454,-16.13226474550506,-16.567972925328153,-17.02376214282282,-17.50110552840716,-18.001598322911487,-18.526949265823713,-19.078956280074777,-19.6594553252385,-20.270224096791225,-20.912810532999487,-21.588237310626642,-22.29650440722168,-23.035769815828353,-23.801037265435305,-24.582145577111657,-25.360925163214688,-26.107779143263976,-26.77901689706517,-27.31812634641853,-27.665361720811667,-27.776539285249093,-27.64213902609952,-27.291967385159367,-26.781206947314786,-26.16971773604188,-25.5077626505135,-24.831347143523406,-24.163565212385592,-23.51793132597779,-22.901569771894717,-22.31761052664368,-21.766802534430898,-21.24853905448548,-20.761487590798936,-20.303967872044467,-19.874173786493657,-19.47030019991289,-19.090612403639888,-18.73348129310236,-18.397398330344778,-18.080978812799813,-17.782958600541512,-17.502187401619338,-17.23762046363659,-16.988309756214544,-16.7533952634593,-16.532096722649566,-16.323705974720063,-16.127579990598488,-15.943134578508296,-15.769838744545957,-15.607209661989664,-15.454808197555892,-15.312234941251683,-15.179126688128939,-15.055153323626325,-14.940015068367751,-14.833440042723954,-14.73518211581991,-14.645019007811587,-14.562750618076425,-14.4881975554323,-14.421199849620656,-14.361615826078925,-14.309321128514467,-14.264207876007966,-14.226183943352646,-14.19517235510844,-14.171110785448045,-14.153951157323718,-14.14365933581561,-14.14021491175923,-0.33082577447240147,-1.3882245628203664,-1.6890962852233984,1.6169925530861844,1.0247870762434679,0.9703496602620124
-3.886523048826314,-3.8883057414077693,-3.893541156423752,-3.902233438770219,-3.9143894905126353,-3.9300189945841746,-3.9491344481315016,-3.9717512057340643,-3.9978875327914274,-4.027564669445541,-4.060806905481246,-4.097641666730381,-4.138099613592818,-4.182214752383777,-4.2300245603212865,-4.281570125082691,-4.33689629998624,-4.396051875994741,-4.459089771895718,-4.526067244188348,-4.597046118405456,-4.672093043821667,-4.751279773750985,-4.834683473923125,-4.922387061753185,-5.014479579690492,-5.111056606257001,-5.212220708872567,-5.318081943124618,-5.428758403785567,-5.544376833628094,-5.66507329695445,-5.79099392576254,-5.922295747645158,-6.059147605891121,-6.201731183865813,-6.350242147641117,-6.5048914230763994,-6.665906626193387,-6.833533668822156,-7.008038565227879,-7.189709469886763,-7.3788589819237576,-7.57582675815123,-7.78098248440225,-7.994729264240151,-8.21750749552895,-8.449799319244528,-8.692133741890189,-8.94509255369716,-9.20931719036778,-9.485516717602744,-9.774477156447686,-10.077072415284558,-10.394277153044428,-10.727181970091982,-11.077011410342202,-11.445145362001048,-11.833144564464725,-12.242781060426351,-12.67607456028616,-13.135335774919465,-13.623217744274685,-14.142775876869196,-14.697536472133896,-15.291571202358616,-15.929569876813689,-16.616892621165587,-17.359558613950277,-18.164077191538677,-19.03691724513456,-19.98317688801859,-21.003530944850397,-22.087616787908363,-23.200735418062056,-24.261091253580844,-25.115518819499716,-25.555757095238075,-25.431168253361015,-24.77946086034384,-23.790634658548257,-22.660346976268528,-21.514152975767246,-20.41356867422961,-19.382328480067752,-18.42566816860666,-17.540769190883307,-16.721787405066927,-15.962127091071874,-15.255407071941388,-14.595825399963388,-13.978254990387846,-13.398224494613647,-12.851855343380693,-12.335786949301921,-11.847103858674808,-11.38327017879802,-10.942072743224989,-10.521572793479113,-10.120065299470697,-9.736044859313969,-9.368177146594173,-9.015274982445145,-8.67627824180472,-8.350236931636179,-8.036296893377784,-7.733687679552635,-7.441712235825858,-7.159738086650558,-6.88718977717261,-6.623542368374684,-6.3683158183996476,-6.121070112184225,-5.881401025262038,-5.64893642692303,-5.423333043700507,-5.204273617084729,-4.991464399982829,-4.784632945199342,-4.583526146451091,-4.387908498437288,-4.197560547486706,-4.012277508480916,-3.8318680272532517,-3.65615307060591,-3.484964928569786,-3.318146315630996,-3.1555495594297356,-2.997035866953074,-2.8424746595371664,-2.6917429691014876,-2.5447248889880036,-2.401311073595373,-2.2613982817036034,-2.124888958994055,-1.9916908557983228,-1.8617166765683304,-1.7348837579601564,-1.6111137727726275,-1.4903324572870023,-1.3724693598214928,-1.2574576085490297,-1.1452336968334964,-1.0357372845215533,-0.9289110137882811,-0.8247003382769849,-0.723053364399837,-0.6239207037778383,-0.5272553358984193,-0.4330124801575403,-0.3411494765324139,-0.2516256742016745,-0.16440232749315567,-0.07944249859611038,0.003289033474338957,0.08382585812692978,0.1622000130835002,0.2384420592958857,0.3125811512451083,0.38464510294733073,0.45466044996354327,0.522652507685344,0.5886454261464237,0.6526622415892342,0.714724924997559,0.7748544277888587,0.833070724844957,0.8893928550454261,0.9438389594553647,0.9964263173074115,1.0471713799071514,1.0960898025811976,1.143196474778227,1.1885055484248872,1.2320304646308746,1.2737839788304797,1.3137781844413015,1.352024535114914,1.3885338656486732,1.4233164116227033,1.4563818278213223,1.4877392054937075,1.517397088504554,1.5453634884213783,1.5716458985818753,1.596251307180979,1.6191862094143394,1.640456618711864,1.6600680770921337,1.6780256646658676,1.6943340083140797,1.708997289564109,1.7220192516845025,1.7334032060174742,1.7431520375655083,1.7512682098467978,1.7577537690320297,1.7626103473733388,1.7658391659341468,1.7674410366271176,1.767416363565234,1.7657651437296757,1.7624869669560772,1.7575810152392561,1.7510460613545455,1.742880466792297,1.733082179000214,1.7216487279264685,1.7085772218547075,1.6938643425201603,1.6775063394942067,1.659499023822733,1.6398377609016608,1.6185174625707701,1.5955325784049084,1.5708770861792745,1.5445444814830496,1.5165277664531933,1.486819437597461,1.4554114726729317,1.4222953165833232,1.3874618662551716,1.3509014544495752,1.3126038324626048,1.27255815166357,1.2307529438161915,1.1871761001233085,1.1418148489309132,1.0946557320221664,1.0456845794264842,0.9948864826627268,0.9422457663290658,0.8877459579449626,0.8313697559431245,0.7730989957008967,0.7129146134914846,0.6507966082255976,0.5867240008432718,0.5206747912038613,0.4526259123093576,0.3825531816820838,0.31043124970239666,0.23623354469503713,0.1599322145342374,0.08149806451711336,0.0009004912324058706,-0.08189258787328052,-0.1669148095570598,-0.25420144482477447,-0.34378948434873,-0.43571772968459815,-0.5300268907552947,-0.6267596901155092,-0.7259609745617506,-0.8276778347095106,-0.9319597332228777,-1.0388586424527437,-1.1484291923193057,-1.2607288293635648,-1.3758179879924497,-1.4937602750547323,-1.6146226690113765,-1.7384757351070155,-1.865393858110498,-1.9954554943755454,-2.1287434451798055,-2.26534515353644,-2.4053530269409356,-2.5488647888220166,-2.6959838618162637,-2.846819786387131,-3.001488678770585,-3.1601137327601596,-3.322825770456828,-3.4897638478174633,-3.6610759216568756,-3.836919585713506,-4.017462884501138,-4.202885214969796,-4.393378327522734,-4.589147439727384,-4.790412478169255,-4.997409466393253,-5.21039207983688,-5.429633392180229,-5.655427841740098,-5.888093451566729,-6.1279743429463736,-6.375443589298659,-6.630906466269594,-6.894804164513309,-7.167618044672947,-7.449874529966587,-7.742150751253368,-8.045081083360035,-8.359364740863416,-8.685774637767047,-9.025167760178876,-9.378497356077691,-9.74682731367512,-10.13134918193706,-10.533402385347458,-10.954498300463547,-11.39634899130429,-11.860901533590118,-12.350378967577901,-12.86732894542282,-13.41468095246855,-13.995812311902625,-14.61462146542712,-15.27560308388214,-15.983910930988522,-16.74537583374933,-17.566406350703826,-18.453614545908746,-19.412827183827876,-20.446760156889834,-21.5498780593205,-22.69773009295935,-23.827334542253496,-24.810811101157416,-25.45060346472944,-25.558458255354463,-25.10252474585338,-24.23789523451051,-23.172866066473446,-22.05862795570308,-20.97523462761497,-19.956350137967913,-19.011812010357442,-18.140701133756007,-17.33781523900886,-16.596648110491284,-15.910683857168713,-15.273910148838251,-14.680978850445586,-14.12721343031641,-13.608555056183967,-13.121489133952743,-12.662970617336747,-12.230355501345652,-11.82134089314934,-11.433913825488425,-11.066308068039604,-10.716967896379352,-10.384517757814876,-10.067736866242809,-9.765537888010272,-9.476949012949929,-9.20109882505572,-8.937203491006429,-8.684555871664454,-8.442516233333654,-8.21050429410125,-7.9879923881899595,-7.774499569877191,-7.569586509883692,-7.372851062596235,-7.183924403210885,-7.002467650788963,-6.828168907048933,-6.66074065206789,-6.499917447411111,-6.345453904927286,-6.197122885844584,-6.054713900122791,-5.9180316804558615,-5.786894909035225,-5.661135078305069,-5.540595469570464,-5.425130235541891,-5.314603574783766,-5.208888987637236,-5.107868604553985,-5.01143257894677,-4.919478537665313,-4.831911083068452,-4.748641341407673,-4.669586552880448,-4.594669699269937,-4.523819165572688,-4.456968432439259,-4.394055796622326,-4.335024116951088,-4.279820583636083,-4.228396508959422,-4.180707137628015,-4.136711475264407,-4.096372133685312,-4.059655191774876,-4.0265300709002085,-3.996969423943586,-3.9709490371403655,-3.948447744016077,-3.9294473508116323,-3.9139325728738688,-3.901890981569962,-3.893312961361109,-3.8881916767425873,-3.8865230488263123,-1.0501305831068597,-1.7794632032260476,-1.3506813948405343,0.5793467338417154,1.1424630979364379,1.9751431708021276
-17.12131940003548,-17.124183224833914,-17.132920939180597,-17.147547933473874,-17.168089998691386,-17.1945834792131,-17.227075489514526,-17.265624197445536,-17.31029917768101,-17.36118183987597,-17.41836593710063,-17.481958161294656,-17.552078833792525,-17.62886270046678,-17.712459842751407,-17.803036717790697,-17.900777343264814,-18.00588464513915,-18.118581989751547,-18.23911492538753,-18.36775316291905,-18.50479283034207,-18.650559042321024,-18.805408833350764,-18.96973451214358,-19.143967505662534,-19.328582774241386,-19.524103894923734,-19.731108929071414,-19.950237213075695,-20.182197238368108,-20.427775819617207,-20.687848788690317,-20.963393497054163,-21.25550346049156,-21.565405535537042,-21.894480072103345,-22.244284530764602,-22.61658106429174,-23.013368498231902,-23.43691892099246,-23.889818548860283,-24.375011354776348,-24.8958415387948,-25.456086095333323,-26.059959176175983,-26.712051049083584,-27.417127038258315,-28.179637853717697,-29.002648050385176,-29.885616635296874,-30.81999959636623,-31.78107307032554,-32.71459066294549,-33.521270436445704,-34.056468030250066,-34.177553627843295,-33.83431279709018,-33.10944894256727,-32.15414514819206,-31.103146470968824,-30.042651688006572,-29.017528282025353,-28.04713416725542,-27.137276615073773,-26.28721403474819,-25.49334440917692,-24.7510441160909,-24.055544880301834,-23.402326321361357,-22.787269485591647,-22.20669531456062,-21.657350183880098,-21.136369410155194,-20.641233840870722,-20.169726661748392,-19.71989353487786,-19.29000717987631,-18.878536543624914,-18.484120266098895,-18.10554397918018,-17.7417209365791,-17.39167549586005,-17.054529022005408,-16.72948783785429,-16.41583290142929,-16.11291093983404,-15.820126812782629,-15.536936915857776,-15.262843464787226,-14.997389528089649,-14.740154697114125,-14.490751300480396,-14.24882108483575,-14.014032296209354,-13.786077106510643,-13.564669338255413,-13.349542447716793,-13.140447732638725,-12.937152735623583,-12.739439818479372,-12.547104886325258,-12.3599562432182,-12.177813563571258,-12.000506965762025,-11.827876176138947,-11.659769773177096,-11.49604450285445,-11.336564657451177,-11.181201510946718,-11.029832805027063,-10.882342280437998,-10.738619249046241,-10.598558202513619,-10.46205845396176,-10.329023809416453,-10.199362266180215,-10.072985735596143,-9.949809787941948,-9.829753417435327,-9.712738825545088,-9.598691220990581,-9.48753863497796,-9.379211750369,-9.27364374360846,-9.170770138351596,-9.07052866983653,-8.972859159137696,-8.877703396518402,-8.785005033173645,-8.6947094807195,-8.606763817844168,-8.521116703588046,-8.437718296767452,-8.35652018109902,-8.277475295619915,-8.200537870033354,-8.125663364640076,-8.052808414544273,-7.9819307778478965,-7.912989287570089,-7.845943807049318,-7.78075518860447,-7.717385235248274,-7.6557966652618505,-7.595953079453213,-7.5378189309353525,-7.481359497271001,-7.426540854841877,-7.3733298553096756,-7.32169410404482,-7.271601940407038,-7.223022419768896,-7.1759252971802,-7.130281012577062,-7.086060677444999,-7.043236062850387,-7.001779588759229,-6.96166431456631,-6.9228639307616655,-6.885352751664838,-6.849105709160515,-6.81409834737212,-6.780306818212712,-6.747707877754908,-6.716278883363937,-6.685997791540061,-6.65684315641851,-6.628794128877088,-6.601830456203056,-6.575932482272869,-6.5510811481995805,-6.527257993404394,-6.504445157070151,-6.48262537993587,-6.461782006392904,-6.4418989868443,-6.422960880290473,-6.404952857105383,-6.387860701968545,-6.371670816919757,-6.356370224504171,-6.341946570977011,-6.328388129538231,-6.315683803568718,-6.30382312984093,-6.292796281678248,-6.282594072038434,-6.273207956498227,-6.264630036117188,-6.25685306016053,-6.24987042866206,-6.24367619480968,-6.2382650671376085,-6.233632411510808,-6.229774252888735,-6.226687276857065,-6.224368830917644,-6.222816925528468,-6.222030234887143,-6.222008097452947,-6.222750516204077,-6.224258158628604,-6.226532356448917,-6.22957510508149,-6.2333890628351,-6.237977549852472,-6.243344546801862,-6.2494946933267626,-6.256433286263411,-6.264166277637462,-6.272700272452742,-6.282042526286428,-6.292200942706646,-6.303184070529904,-6.315001100937215,-6.327661864469273,-6.341176827922357,-6.3555570911681105,-6.3708143839216245,-6.386961062483614,-6.404010106483757,-6.421975115653601,-6.440870306658563,-6.460710510020004,-6.481511167159391,-6.503288327597864,-6.526058646345795,-6.549839381518026,-6.574648392211832,-6.600504136685829,-6.627425670879294,-6.655432647312747,-6.684545314411949,-6.714784516298837,-6.746171693094434,-6.778728881780268,-6.81247871766649,-6.8474444365165095,-6.883649877380033,-6.921119486188028,-6.959878320165603,-6.9999520531208415,-7.0413669816702456,-7.084150032464091,-7.1283287704779275,-7.173931408439666,-7.22098681746523,-7.269524538979421,-7.319574798002986,-7.371168517891318,-7.42433733661521,-7.479113624679636,-7.535530504782479,-7.59362187332163,-7.6534224238662665,-7.714967672715822,-7.7782939866790946,-7.84343861321525,-7.910439713089167,-7.979336395705027,-8.050168757294694,-8.122977922151613,-8.19780608711606,-8.27469656953478,-8.353693858936651,-8.434843672686652,-8.518193015903275,-8.603790245949611,-8.691685141836414,-8.781928978906073,-8.874574609200867,-8.96967654795677,-9.067291066706188,-9.167476293520089,-9.27029232097203,-9.37580132246505,-9.484067677627092,-9.595158107553615,-9.709141820757113,-9.826090670774523,-9.946079326485856,-10.06918545631236,-10.195489927592153,-10.325077022577275,-10.458034672661395,-10.594454712634034,-10.734433156969239,-10.878070500397145,-11.025472045280866,-11.176748258633275,-11.332015161965304,-11.491394757565613,-11.6550154952804,-11.82301278440081,-11.995529555886563,-12.172716880871457,-12.354734652226613,-12.54175233692104,-12.733949808039245,-12.931518266622792,-13.134661265030289,-13.343595845300698,-13.558553808109082,-13.779783130382778,-14.007549552574686,-14.242138360058668,-14.483856387231606,-14.733034277810821,-14.990029040669304,-15.255226947554652,-15.529046827434389,-15.811943822296978,-16.104413681371543,-16.406997685339547,-16.72028830970472,-17.04493575764961,-17.381655518093982,-17.731237134966875,-18.09455440954049,-18.472577299437514,-18.86638582540503,-19.277186348642207,-19.706330633284537,-20.155338151468207,-20.62592210352662,-21.12001957647552,-21.639826078825646,-22.187834232382656,-22.766875410233553,-23.380161080304823,-24.03131656718399,-24.724391966068072,-25.46381925410216,-26.254253770642286,-27.10017749697097,-28.005023027661196,-28.969352360510992,-29.987231374678945,-31.03939851638701,-32.08168497089005,-33.0298053676343,-33.75244951616783,-34.1018338832687,-33.99500914336505,-33.47744256508756,-32.686715424941,-31.765293336160205,-30.812575069933143,-29.883709166834784,-29.004306367025432,-28.183570719035597,-27.42248898851528,-26.71828744389846,-26.066703636415486,-25.46309464914735,-24.902950585676813,-24.38211068811716,-23.89683385848673,-23.443800299054377,-23.02008278776025,-22.623106699204264,-22.250608013267392,-21.900593540793185,-21.57130506952266,-21.26118788630226,-20.968863542941104,-20.693106481477265,-20.432824052519635,-20.187039460361234,-19.954877205337404,-19.735550644218517,-19.528351341787243,-19.332639935819415,-19.147838281328937,-18.973422677629635,-18.80891801376063,-18.653892694698065,-18.50795423321418,-18.37074541091621,-18.24194092751362,-18.121244470252844,-18.008386146179618,-17.903120228817496,-17.80522317830359,-17.714491900257805,-17.630742213894205,-17.553807504287292,-17.48353753742696,-17.419797419850838,-17.362466687329526,-17.311438509379965,-17.266618998359395,-17.227926613604545,-17.195291652572216,-17.168655822247977,-17.147971885251685,-17.13320337611019,-17.12432438411279,-17.121319400035482,-0.6422778974571672,-0.7453909323883725,-1.5784374835277293,1.0786040546050062,0.5759694736150605,1.4789262696397993
-19.85339396923322,-19.858042206012648,-19.872025572371243,-19.89538434259449,-19.928186068570493,-19.970526195126112,-20.022528937334055,-20.08434843599437,-20.156170212887424,-20.238212953394164,-20.33073065085499,-20.434015154785328,-20.548399174004096,-20.674259796106842,-20.812022596800702,-20.96216642669888,-21.12522897952917,-21.3018132645718,-21.492595127599373,-21.69833198844416,-21.91987298879255,-22.158170769055854,-22.414295114388445,-22.689448719791706,-22.984985309119644,-23.302430277758237,-23.64350386857548,-24.010146553600062,-24.404545631309794,-24.82916079060733,-25.28674404024814,-25.780345036727255,-26.31328475215669,-26.88906541194347,-27.511156775894076,-28.18254740562576,-28.904856309321964,-29.67663915928616,-30.49027660030152,-31.32657655702625,-32.14642167197032,-32.88093969792176,-33.42830382672404,-33.67420785720023,-33.54411295383444,-33.051499813861135,-32.28837512808173,-31.36961094172448,-30.388386842865692,-29.40428180336491,-28.449757197864294,-27.539998268222497,-26.680427294656223,-25.871360754520644,-25.110641238621902,-24.395053603457818,-23.72106041167332,-23.08516843340967,-22.48409880963966,-21.914854416720097,-21.37473467726616,-20.86132466746428,-20.372472766393003,-19.906264296521904,-19.46099493760228,-19.03514572276439,-18.62736037320301,-18.236425177880356,-17.861251348855696,-17.500859655748002,-17.15436709525656,-16.820975345376507,-16.499960767902266,-16.190665745541825,-15.892491165351714,-15.604889885113653,-15.327361042231551,-15.059445085153056,-14.800719425111355,-14.550794621276763,-14.309311025444169,-14.075935823439412,-13.850360419776058,-13.632298119986924,-13.421482071715882,-13.217663431277948,-13.020609727147281,-12.830103395851527,-12.645940469157333,-12.467929394322768,-12.295889971651523,-12.129652395679775,-11.969056388116499,-11.813950412190653,-11.664190959372934,-11.519641900570273,-11.380173894865038,-11.245663849712233,-11.115994427235698,-10.991053591895968,-10.870734195351359,-10.754933594811853,-10.643553301602985,-10.536498657021854,-10.433678532887631,-10.335005054469981,-10.240393343726273,-10.149761280996666,-10.06302928349903,-9.980120099136366,-9.900958614280867,-9.825471674333485,-9.753587915977807,-9.685237610154168,-9.62035251487565,-9.558865737093656,-9.500711602897757,-9.445825535404126,-9.394143939749547,-9.34560409466471,-9.300144050152143,-9.257702530840817,-9.218218844632254,-9.18163279629211,-9.147884605676955,-9.116914830319029,-9.088664292122266,-9.063074007950979,-9.040085123918898,-9.019638853210733,-9.00167641729107,-8.986138990377157,-8.972967647071963,-8.962103313073197,-8.953486718891657,-8.94705835652964,-8.942758439085921,-8.940526863269474,-8.940303174818425,-8.94202653683481,-8.945635701058512,-8.95106898211652,-8.95826423479506,-8.967158834393285,-8.97768966022739,-8.989793082363436,-9.003404951665807,-9.018460593255872,-9.034894803482235,-9.052641850509671,-9.071635478638434,-9.09180891646904,-9.113094889029828,-9.135425633985253,-9.158732922042217,-9.182948081669304,-9.208002028239893,-9.233825297704236,-9.260348084887923,-9.287500286504471,-9.315211548958104,-9.343411320998973,-9.37202891127698,-9.400993550822282,-9.430234460460055,-9.459680923144525,-9.489262361172413,-9.518908418209138,-9.54854904603213,-9.578114595864854,-9.607535914142682,-9.636744442517772,-9.665672321874796,-9.694252500093317,-9.722418843255571,-9.750106249961469,-9.777250768375447,-9.803789715593382,-9.829661798882313,-9.854807238311539,-9.879167890261753,-9.902687371269069,-9.925311181634195,-9.946986828203846,-9.967663945712014,-9.987294416053984,-10.00583248485571,-10.023234874696296,-10.039460894341815,-10.05447254335493,-10.068234611456981,-10.080714772037375,-10.091883669229258,-10.10171499800066,-10.110185576746291,-10.1172754119065,-10.122967754186753,-10.127249146002306,-10.13010945982846,-10.131541927196178,-10.131543158135056,-10.130113150930534,-10.127255292128103,-10.122976346784768,-10.117286439034388,-10.110199023100435,-10.10173084495382,-10.091901894876049,-10.08073535124731,-10.068257515934672,-10.054497741707134,-10.039488352150816,-10.023264554599187,-10.005864346629075,-9.987328416703477,-9.967700039566257,-9.947024967012112,-9.925351314667312,-9.902729445422938,-9.879211850162989,-9.854853026424541,-9.829709355617354,-9.80383897941506,-9.777301675910985,-9.750158736108444,-9.722472841288443,-9.694307941768448,-9.665729137533404,-9.636802561186474,-9.607595263631259,-9.578175102860865,-9.548610636192103,-9.51897101624599,-9.489325890938943,-9.459745307712698,-9.430299622195896,-9.40105941145627,-9.372095391969758,-9.343478342402296,-9.315279031270942,-9.287568149524231,-9.260416248056737,-9.2338936801503,-9.208070548813886,-9.183016658975893,-9.158801474466678,-9.135494079715253,-9.11316314607247,-9.091876902663191,-9.071703111662407,-9.052709047884376,-9.034961482569866,-9.018526671254223,-9.003470345598267,-8.989857709064808,-8.977753436325576,-8.967221676286933,-8.958326058627245,-8.951129703744536,-8.945695236019837,-8.94208480030932,-8.940360081586862,-8.940582327668265,-8.942812374958367,-8.94711067717343,-8.953537337002857,-8.962152140686557,-8.973014595497643,-8.986183970133778,-9.001719338035102,-9.019679623662121,-9.040123651782858,-9.06311019983591,-9.088698053453633,-9.11694606524911,-9.147913216990304,-9.181658685306598,-9.218241911095415,-9.257722672821432,-9.300161163926658,-9.345618074598367,-9.39415467817186,-9.445832922478393,-9.500715526484258,-9.558866082606169,-9.620349165130811,-9.68523044521323,-9.75357681298031,-9.825456507322205,-9.900939254017526,-9.980096412907328,-10.06300113491033,-10.14972852975757,-10.240355845420456,-10.334962660313414,-10.43363108947213,-10.536446006043217,-10.643495279572415,-10.754870032749439,-10.870664918460136,-10.990978419214994,-11.115913171270478,-11.245576316040673,-11.380079881716977,-11.519541198378423,-11.664083350293048,-11.813835669588409,-11.968934276018592,-12.12952266818646,-12.295752372307758,-12.467783655445006,-12.645786311112978,-12.829940526288034,-13.02043784016804,-13.217482206562215,-13.421291173580638,-13.632097196389115,-13.850149101254676,-14.075713721998707,-14.309077733381312,-14.550549709960777,-14.800462443724523,-15.059175559412791,-15.327078473119558,-15.604593747651931,-15.89218090748268,-16.19034078719446,-16.499620500360564,-16.820619131115073,-17.153994268476307,-17.500469523941668,-17.860843195870398,-18.235998269141977,-18.626913964052527,-19.034679071271178,-19.4605073238299,-19.905755051126338,-20.371941312788145,-20.860770583840655,-21.374157787887384,-21.914254926780686,-22.483477505570747,-23.084526982545558,-23.720401814380537,-24.394382881617634,-25.10996649373153,-25.87069480685349,-26.67979023414203,-27.539421412775404,-28.44928912518457,-29.403997088114785,-30.388397178127402,-31.370074583839127,-32.289491016263405,-33.05345904578772,-33.546989485839234,-33.67784926428375,-33.43235906739069,-32.88503194523841,-32.15029217288391,-31.3301059661628,-30.493439428603907,-29.679456304651865,-28.907365665658823,-28.184789498682324,-27.513168901197727,-26.89087983193251,-26.31492861603661,-25.781840930144796,-25.288110692133813,-24.830413750397522,-24.405697854787025,-24.011208887216572,-23.64448544138655,-23.303338815607834,-22.985827385754554,-22.69022995771053,-22.415020345948204,-22.158844166230725,-21.920498168183947,-21.698912096695125,-21.493132911228795,-21.302311127360166,-21.125689029903796,-20.962590517039402,-20.81241235617763,-20.67461665765025,-20.548724397853487,-20.43430984737971,-20.330995781171378,-20.23844936662318,-20.15637864194005,-20.08452951115796,-20.02268319433426,-19.970654081801662,-19.928287950326705,-19.895460506767133,-19.872076231603614,-19.85806750072377,-19.853393969233224,-0.436776922138459,-0.5912782993326764,-0.023926057845533366,1.9408395749069978,0.7509014497003912,0.8717284732319914
-14.76363255644321,-14.767494040335059,-14.779442726115903,-14.799507177427216,-14.82773536186279,-14.864194977912287,-14.908973918097574,-14.962180873567547,-15.02394608695608,-15.094422261858846,-15.17378563883032,-15.262237249302872,-15.360004360220781,-15.467342123356616,-15.584535444068038,-15.71190108440357,-15.849790014585372,-15.998590024398943,-16.158728601022702,-16.330676071016907,-16.514948989588945,-16.71211373690592,-16.922790244699005,-17.147655720018133,-17.387448146657455,-17.64296921318345,-17.915086116383495,-18.20473138480568,-18.51289940460401,-18.84063762617191,-19.189029358587764,-19.5591634284925,-19.952083506147144,-20.368706173580705,-20.80969127000458,-21.275240030749156,-21.764785488633006,-22.276525830032373,-22.80673795215117,-23.34880551041614,-23.8919287780016,-24.419604576835773,-24.908251726119992,-25.326857413919,-25.639051989920386,-25.80889471603312,-25.809886902810938,-25.63358998611202,-25.2927062145599,-24.81649790329425,-24.241653638216434,-23.603757382682502,-22.93232601401874,-22.24937000214958,-21.570061921225484,-20.904194071171215,-20.25766873817446,-19.63372317411024,-19.03383718672293,-18.458367970176628,-17.906979072494146,-17.37892381429599,-16.87322944911162,-16.388815031541746,-15.92456556562253,-15.479377559712876,-15.05218600565784,-14.641979374957979,-14.247806956056388,-13.868781362990667,-13.504078064168306,-13.152933135331711,-12.814640017026989,-12.488545778135478,-12.174047203597196,-11.8705869038435,-11.577649564346636,-11.294758402060488,-11.021471862114334,-10.757380566795982,-10.50210451554667,-10.255290526670768,-10.016609906923371,-9.785756332864405,-9.562443927048502,-9.346405512210792,-9.137391027252567,-8.935166089785922,-8.739510691108979,-8.550218010651312,-8.367093338089862,-8.18995309245048,-8.018623928557286,-7.852941922160883,-7.692751825962701,-7.537906389557594,-7.38826573704308,-7.243696796696848,-7.10407277770914,-6.9692726894801895,-6.839180899460135,-6.713686725925825,-6.5926840624607275,-6.47607103123549,-6.363749662482364,-6.255625597820172,-6.151607815321602,-6.0516083744248,-5.955542178978731,-5.863326756879629,-5.774882054906301,-5.690130247496514,-5.6089955583278535,-5.531404093674793,-5.457283686611792,-5.386563751219905,-5.3191751460343015,-5.255050046041535,-5.194121822600746,-5.136324930721781,-5.081594803186777,-5.029867751050729,-4.981080870100712,-4.935171952894338,-4.892079406035084,-4.8517421723761975,-4.814099657876457,-4.779091662859656,-4.746658317456685,-4.716740021033429,-4.689277385430811,-4.664211181864343,-4.641482291350407,-4.621031658544709,-4.602800248895656,-4.586729009031128,-4.572758830312223,-4.560830515501274,-4.550884748504497,-4.542862067161559,-4.536702839065524,-4.53234724040704,-4.529735237845919,-4.5288065734220435,-4.529500752525295,-4.531757034951051,-4.5355144290740705,-4.540711689178605,-4.547287315986949,-4.555179560432011,-4.56432643072173,-4.574665702744593,-4.586134933865714,-4.598671480162056,-4.612212517143476,-4.626695064002909,-4.642056011434739,-4.658232153054543,-4.675160220446496,-4.692776921856322,-4.7110189845379935,-4.7298232007513965,-4.7491264773957464,-4.76886588924984,-4.78897873577526,-4.809402601422319,-4.830075419361163,-4.850935538541725,-4.871921793966905,-4.89297358004254,-4.91403092684677,-4.935034579139438,-4.9559260779098295,-4.976647844238727,-4.99714326522807,-5.017356781729356,-5.037233977579878,-5.056721670034969,-5.07576800106417,-5.094322529160285,-5.11233632129307,-5.129762044623604,-5.14655405758197,-5.162668499899761,-5.178063381180249,-5.192698667583377,-5.2065363661999715,-5.219540606689931,-5.231677719762956,-5.242916312087521,-5.253227337224363,-5.262584162195097,-5.270962629313955,-5.278341112931932,-5.2847005707667405,-5.290024589519543,-5.294299424509779,-5.297514033092357,-5.299660101656976,-5.30073206604651,-5.300727125270797,-5.299645248432156,-5.297489174820393,-5.294264407176625,-5.289979198166822,-5.284644530147318,-5.278274088344828,-5.270884227612607,-5.262493932961937,-5.253124774103462,-5.242800854266072,-5.231548753591442,-5.219397467429903,-5.2063783398877215,-5.19252499299709,-5.177873251897742,-5.1624610664335275,-5.146328429577919,-5.129517293109758,-5.112071480964423,-5.094036600686015,-5.075459953403662,-5.05639044274923,-5.03687848312532,-5.016975907721375,-4.996735876662212,-4.976212785657968,-4.955462175506922,-4.934540642784013,-4.913505752027617,-4.892415949716095,-4.871330480303822,-4.850309304564,-4.829413020463239,-4.80870278677015,-4.788240249578094,-4.768087471900301,-4.748306866474276,-4.7289611318919675,-4.710113192152509,-4.691826139715739,-4.674163182117263,-4.657187592189396,-4.6409626619174285,-4.625551659946766,-4.6110177927441045,-4.59742416940477,-4.584833770088574,-4.573309418058101,-4.56291375528642,-4.553709221595268,-4.54575803728046,-4.539122189177842,-4.533863420121216,-4.530043221742625,-4.527722830565705,-4.526963227344022,-4.527825139598651,-4.530369047312536,-4.534655191743412,-4.540743587322214,-4.548694036609968,-4.55856614829305,-4.570419358204396,-4.584312953366967,-4.600306099064994,-4.618457868958966,-4.638827278271301,-4.661473320081626,-4.686455004783522,-4.713831402768271,-4.743661690416154,-4.776005199491475,-4.810921470054747,-4.848470307023552,-4.888711840533306,-4.931706590270241,-4.977515533971543,-5.026200180312196,-5.07782264642457,-5.132445740325372,-5.190133048555912,-5.250949029375322,-5.314959111883453,-5.382229801490338,-5.452828792193357,-5.526825086171538,-5.60428912125956,-5.685292906922511,-5.769910169416953,-5.858216506894904,-5.950289555286288,-6.046209165882381,-6.146057595639794,-6.249919711331891,-6.357883208794268,-6.470038848644104,-6.586480710001825,-6.707306463909579,-6.832617668326149,-6.962520086785679,-7.097124033039663,-7.236544744261689,-7.380902785686063,-7.530324489878093,-7.6849424342003045,-7.844895960449301,-8.0103317410979,-8.181404397092097,-8.35827717272691,-8.541122673766676,-8.730123675687123,-8.925474009704846,-9.127379535126282,-9.336059207493562,-9.551746253024364,-9.774689460924824,-10.005154606276903,-10.243426017323962,-10.48980830203758,-10.744628249741215,-11.008236924137215,-11.281011964091647,-11.56336010761665,-11.855719952111755,-12.15856495927374,-12.472406704955649,-12.7977983608452,-13.135338373453342,-13.485674272522557,-13.849506489528107,-14.227591988329902,-14.620747390439547,-15.029851095856673,-15.455843625126928,-15.89972499057064,-16.36254727034609,-16.845399595230084,-17.349381293993243,-17.87555672455819,-18.42488197572416,-18.99808865024626,-19.59550270757743,-20.21676627418417,-20.860417453765045,-21.523269652590336,-22.199525601332617,-22.87958257871346,-23.548577845436757,-24.184958212041742,-24.759796892734887,-25.238125507296925,-25.583666258867225,-25.76708068361475,-25.774972605185567,-25.61466237512667,-25.31153050022934,-24.900753556374898,-24.418386778213236,-23.895470898943557,-23.355794615898798,-22.81612294489922,-22.28750322117966,-21.77675836441587,-21.287772831824707,-20.82246991344508,-20.38150615171388,-19.964745614316257,-19.571575789897167,-19.201114301753076,-18.8523421706817,-18.5241883795755,-18.215582450317246,-17.925486155192637,-17.65291170886088,-17.396931273075854,-17.156680945395678,-16.931361309229448,-16.720235902713195,-16.52262848998756,-16.33791970619147,-16.1655434416404,-16.00498319501286,-15.855768536152395,-15.71747176065562,-15.589704780422684,-15.472116269945255,-15.364389072741595,-15.266237862980736,-15.177407051936223,-15.097668926114405,-15.026822002803533,-14.964689588777691,-14.911118528560227,-14.865978129736138,-14.829159254126697,-14.800573565090467,-14.780152922723072,-14.767848920252193,-14.76363255644321,-0.4236446647341079,-0.6738667598776267,-0.16232676672209578,1.853378799508035,0.5589415911004905,1.9186131925828445
-12.056222322098826,-12.059178978286628,-12.068261136910184,-12.083484909165259,-12.104877337671516,-12.132476546678895,-12.1663319549988,-12.20650455402599,-12.253067253958124,-12.306105302109593,-12.365716778066318,-12.432013171351295,-12.505120048280363,-12.585177815797193,-12.67234259130036,-12.766787188826711,-12.868702233446427,-12.978297417365443,-13.095802913024103,-13.221470960421405,-13.35557764796144,-13.49842490826738,-13.650342752554954,-13.811691769159202,-13.982865913431848,-14.164295617096698,-14.356451244680738,-14.559846921912815,-14.775044754584492,-15.002659444112654,-15.243363284560505,-15.49789148995907,-15.767047742372265,-16.051709757767604,-16.352834518915962,-16.671462591777647,-17.0087205762789,-17.365820168611673,-17.744051411077358,-18.14476628899523,-18.569346606804928,-19.01914657825244,-19.495395102779614,-19.999034267657535,-20.53045790614872,-21.089095766842185,-21.67276500550319,-22.276686305654508,-22.892056159418694,-23.504131588692832,-24.090028310323788,-24.617016109016014,-25.04304489484541,-25.321929642357993,-25.41433908251435,-25.301178530651278,-24.991343423413078,-24.518004991585126,-23.92631567577725,-23.260800868015675,-22.55794700430605,-21.844204542401332,-21.1371125302325,-20.447450293711174,-19.781306431195603,-19.14169250997808,-18.529682296195265,-17.94517330164617,-17.38737952251415,-16.855143356695706,-16.347129561191732,-15.861943591618548,-15.398201988046011,-14.95457259463615,-14.529795956222769,-14.122695095074818,-13.732178230732357,-13.35723732622754,-12.996944275797176,-12.650445869262239,-12.316958235110658,-11.99576118840611,-11.686192734177181,-11.387643865824819,-11.099553728283212,-10.821405172418075,-10.552720700951683,-10.29305879093225,-10.042010569450422,-9.799196815373179,-9.564265258648554,-9.336888149153097,-9.11676006841325,-8.903595959386903,-8.697129351562495,-8.49711076074678,-8.303306244965547,-8.115496099836076,-7.9334736785560755,-7.757044323280926,-7.586024396128243,-7.420240399363439,-7.259528175491935,-7.103732179024513,-6.952704812605299,-6.806305821007866,-6.664401737226876,-6.526865375530017,-6.393575366898317,-6.264415732780526,-6.139275493526921,-6.018048308257135,-5.900632143260629,-5.7869289663335515,-5.676844464726094,-5.570287784614455,-5.46717129022475,-5.3674103409260425,-5.270923084778528,-5.177630267173514,-5.087455053336596,-5.000322863585296,-4.916161220340378,-4.83489960598622,-4.756469330762167,-4.680803409944593,-4.607836449649013,-4.537504540644689,-4.469745159630548,-4.40449707747266,-4.341700273949269,-4.2812958585913385,-4.2232259972440565,-4.1674338440088725,-4.1138634782565395,-4.062459846429412,-4.0131687083765994,-3.9659365879884407,-3.9207107279174584,-3.877439048191486,-3.836070108541827,-3.79655307428426,-3.758837685604468,-3.722874230111781,-3.688613518536089,-3.6560068634523852,-3.6250060609263226,-3.5955633749814475,-3.567631524795616,-3.5411636745396544,-3.5161134257762705,-3.492434812341128,-3.470082297631381,-3.4490107742294605,-3.429175565791745,-3.4105324311331113,-3.393037570438844,-3.3766476335356272,-3.361319730152792,-3.3470114421041233,-3.3336808373191342,-3.3212864856509583,-3.3097874763858135,-3.2991434373765047,-3.2893145557196544,-3.2802615998932834,-3.2719459432681077,-3.264329588902471,-3.2573751955273473,-3.2510461046241055,-3.2453063684941617,-3.2401207792160265,-3.235454898381538,-3.2312750874998915,-3.2275485389544816,-3.224243307394831,-3.221328341442873,-3.2187735155905113,-3.216549662163271,-3.2146286032231415,-3.212983182282523,-3.211587295700448,-3.210415923632048,-3.2094451604026313,-3.2086522441786496,-3.2080155858094805,-3.207514796716076,-3.207130715705536,-3.2068454345939985,-3.206642322524593,-3.206506048871888,-3.20642260462984,-3.2063793221862498,-3.206364893393486,-3.2063693858524065,-3.2063842573342543,-3.2064023682735283,-3.2064179922735274,-3.2064268245753293,-3.206425988450436,-3.206414039486925,-3.2063909677488627,-3.2063581977987434,-3.2063185865827992,-3.2062764191891135,-3.206237402498501,-3.206208656757972,-3.206198705116363,-3.2062174611709704,-3.2062762145833257,-3.206387614830772,-3.2065656531689517,-3.2068256428879,-3.2071841979518956,-3.2076592101198473,-3.208269824649015,-3.2090364146905204,-3.2099805544897713,-3.211124991509303,-3.212493617594862,-3.2141114393086783,-3.2160045475559325,-3.2182000866320775,-3.2207262228197187,-3.2236121126640533,-3.2268878710557054,-3.2305845392491883,-3.2347340529438595,-3.239369210552654,-3.244523641781844,-3.2502317766425004,-3.2565288150117047,-3.2634506968583454,-3.2710340732453203,-3.279316278216187,-3.288335301671091,-3.298129763332885,-3.308738887900917,-3.3202024814860858,-3.3325609094175617,-3.3458550755077034,-3.3601264028588167,-3.375416816292111,-3.391768726476483,-3.409225015832262,-3.4278290262828515,-3.447624548925382,-3.4686558156901763,-3.4909674930577976,-3.5146046779020583,-3.5396128955274224,-3.56603809996985,-3.593926676631345,-3.6233254473203838,-3.654281677772828,-3.6868430877312806,-3.7210578636647296,-3.756974674215284,-3.794642688464289,-3.8341115971168325,-3.8754316367111774,-3.91865361696817,-3.963828951405536,-4.011009691352778,-4.060248563514682,-4.111599011245036,-4.165115239707355,-4.220852265116171,-4.278865968271176,-4.339213152616973,-4.401951607084112,-4.467140173992177,-4.534838822323566,-4.6051087267073,-4.678012352486149,-4.753613547277934,-4.831977639483393,-4.9131715442388675,-4.997263877363121,-5.0843250779038875,-5.174427539952547,-5.267645754464754,-5.364056461902331,-5.463738816597959,-5.566774563840012,-5.673248230782373,-5.783247332403578,-5.896862593873763,-6.014188190837855,-6.1353220092918095,-6.260365926917521,-6.389426117954588,-6.522613383925796,-6.6600435128028135,-6.801837669501833,-6.94812282094195,-7.099032199286039,-7.254705807421827,-7.415290971236182,-7.580942943795908,-7.751825567183128,-7.928111998451199,-8.109985506979553,-8.297640351423754,-8.491282745492871,-8.691131922952266,-8.897421313557313,-9.110399843083611,-9.33033337223747,-9.557506291007131,-9.79222328693994,-10.034811307873337,-10.285621741751786,-10.545032838223975,-10.813452398564989,-11.091320761828028,-11.379114115560869,-11.677348158235167,-11.986582136664692,-12.307423273482105,-12.640531584658518,-12.986625061164984,-13.34648514613013,-13.720962369862935,-14.110981895306022,-14.517548553119887,-14.94175067305024,-15.384761590481045,-15.847837035787155,-16.332305559764794,-16.839547491101335,-17.3709553171051,-17.9278642955463,-18.511435749332566,-19.122465752061636,-19.76107742214677,-20.426234750520848,-21.114990926777367,-21.82136300922504,-22.53473538564571,-23.237805921441673,-23.904432354617153,-24.49845976463807,-24.975591832477633,-25.290612726029575,-25.40986157935314,-25.323623871003058,-25.050177840739096,-24.628358084907145,-24.10425069751229,-23.52007754918025,-22.90884299095545,-22.29369719053105,-21.689595921236776,-21.10549671257758,-20.546283994715132,-20.014209689492958,-19.509888190013655,-19.032953144269058,-18.58247904416013,-18.157246532693428,-17.755906446994636,-17.377079200485834,-17.019413267309158,-16.681617999818922,-16.36248047764946,-16.0608725430893,-15.775751919606577,-15.506159874080511,-15.251216969383076,-15.010117871904555,-14.782125807693959,-14.566567024625321,-14.362825467878857,-14.170337781146527,-13.988588686586613,-13.817106759984924,-13.655460595666204,-13.503255343158525,-13.36012959102659,-13.22575257043937,-13.099821650485524,-12.982060098067159,-12.872215076791488,-12.770055861260765,-12.675372245294557,-12.587973124759928,-12.507685237748937,-12.434352046781934,-12.367832749508938,-12.30800140602245,-12.254746172388156,-12.207968631352974,-12.167583212415634,-12.133516694556427,-12.105707785934026,-12.084106775781807,-12.068675254587657,-12.05938589943174,-12.05622232209883,-0.5766410387369967,-1.3588595730622168,-0.7947961432356698,1.508188474728852,0.8824346896892423,1.3322932693484821
-19.082771628111132,-19.085970601536363,-19.09554869261146,-19.11152422251932,-19.133927844945248,-19.16280274521472,-19.198204922827504,-19.240203561284815,-19.288881490370816,-19.34433574743409,-19.406678245754676,-19.476036559817988,-19.552554839295603,-19.636394865811056,-19.727737269214224,-19.826782923181884,-19.93375454360486,-20.04889851753548,-20.172486995602984,-20.304820286944995,-20.446229603079903,-20.597080206044463,-20.757775026899626,-20.928758833812022,-21.110523044904312,-21.303611300631708,-21.50862593445052,-21.72623551007316,-21.957183629973347,-22.20229926461603,-22.462508907023427,-22.738850924877973,-23.03249256458866,-23.34475016041019,-23.67711321722947,-24.031273164982736,-24.40915771506164,-24.812971857307584,-25.245246559079977,-25.70889603441847,-26.20728376715537,-26.744295726218994,-27.32441521405012,-27.95278503829149,-28.635223879158143,-29.37812344477817,-30.188066740220243,-31.070823451832183,-32.02899162605142,-33.05679213037315,-34.129288987343564,-35.18263160550754,-36.08775308555845,-36.64648917447035,-36.672209369704596,-36.13647436857792,-35.19629430762879,-34.05938677242701,-32.87558548648163,-31.723943820809623,-30.637590509392947,-29.62611546147582,-28.68849511372879,-27.819487283547545,-27.012572836357926,-26.261232992322007,-25.559455176693376,-24.90189060117428,-24.283860546189292,-23.70130216717724,-23.150695087608707,-22.628986886782144,-22.133524799403943,-21.661995981102923,-21.212376491208303,-20.782888245549643,-20.371962900836344,-19.978211613350002,-19.600399707799557,-19.237425421693985,-18.88830202230085,-18.552142713056647,-18.228147849585422,-17.915594072020557,-17.613825031666977,-17.32224344832783,-17.040304282018155,-16.7675088412561,-16.503399681339722,-16.24755617137693,-15.999590629476721,-15.75914494235042,-15.52588759935043,-15.299511082282852,-15.079729561640908,-14.866276857597985,-14.658904630473678,-14.457380770688568,-14.261487962646164,-14.071022400684427,-13.885792638348667,-13.705618554858432,-13.530330424855098,-13.3597680793942,-13.193780147742693,-13.032223370901953,-12.874961978941194,-12.72186712522342,-12.572816371463906,-12.427693218300266,-12.286386676691974,-12.14879087602036,-12.014804705240554,-11.884331483854593,-11.757278659839663,-11.633557531983953,-11.513082994361616,-11.395773300923315,-11.281549848394254,-11.170336975861165,-11.0620617795975,-10.95665394182399,-10.85404557223303,-10.754171061221866,-10.656966943882903,-10.562371773891758,-10.470326006515592,-10.3807718900379,-10.293653364961205,-10.208915970408022,-10.126506757192981,-10.046374207086291,-9.968468157831126,-9.892739733515757,-9.81914127993555,-9.747626304611073,-9.678149421156313,-9.610666297716458,-9.54513360921736,-9.481508993189392,-9.419751008947213,-9.359819099923545,-9.301673558970684,-9.24527549645688,-9.190586810997674,-9.137570162673132,-9.08618894859266,-9.036407280677906,-8.988189965542983,-8.941502486358694,-8.896310986594287,-8.852582255536534,-8.810283715491448,-8.769383410579067,-8.729849997036181,-8.691652734946024,-8.654761481317628,-8.619146684440766,-8.584779379445457,-8.551631184997516,-8.51967430106419,-8.488881507685846,-8.459226164691731,-8.430682212299411,-8.403224172539133,-8.376827151445616,-8.351466841961143,-8.327119527494817,-8.303762086084088,-8.281371995105353,-8.259927336481624,-8.239406802335868,-8.219789701039637,-8.201055963607327,-8.183186150387197,-8.166161458001236,-8.149963726486586,-8.13457544659235,-8.119979767186267,-8.106160502726938,-8.093102140758093,-8.080789849382633,-8.06920948467517,-8.058347597993173,-8.048191443147951,-8.038728983398208,-8.029948898230348,-8.021840589891173,-8.014394189640349,-8.007600563691671,-8.001451318813967,-7.995938807564382,-7.991056133128755,-7.98679715374575,-7.983156486693649,-7.980129511820795,-7.977712374602914,-7.9759019887128755,-7.974696038090744,-7.974092978504407,-7.974092038593384,-7.974693220390988,-7.975897299322313,-7.9777058236781,-7.980121113566953,-7.983146259350768,-7.986785119570832,-7.991042318374237,-7.995923242452853,-8.001434037509263,-8.007581604266475,-8.014373594040407,-8.021818403896285,-8.029925171412277,-8.038703769075688,-8.04816479833896,-8.058319583364646,-8.069180164490389,-8.080759291446473,-8.093070416360357,-8.106127686583962,-8.119945937381111,-8.134540684513716,-8.149928116766793,-8.16612508845343,-8.18314911194209,-8.20101835024969,-8.219751609744852,-8.239368333006734,-8.259888591885737,-8.281333080813292,-8.30372311040865,-8.327080601431637,-8.351428079130853,-8.37678866803791,-8.40318608725892,-8.430644646315361,-8.459189241587472,-8.488845353414012,-8.519639043903652,-8.551596955514011,-8.584746310455857,-8.619114910981285,-8.654731140616168,-8.691623966398957,-8.729822942189783,-8.769358213115906,-8.810260521221942,-8.852561212395983,-8.896292244645602,-8.941486197801137,-8.988176284727171,-9.036396364127384,-9.086180955032349,-9.13756525306493,-9.190585148583596,-9.24527724681,-9.301678890054292,-9.359828182158932,-9.419764015290374,-9.481526099217227,-9.545154993223687,-9.610692140818482,-9.678179907411941,-9.747661621147772,-9.819181617091303,-9.892785284992803,-9.968519120863245,-10.046430782620403,-10.126569150085968,-10.208984389639689,-10.293728023864464,-10.380853006547287,-10.470413803435388,-10.562466479185108,-10.657068790983397,-10.754280289369342,-10.854162426835368,-10.956778674846932,-11.062194649984798,-11.170478249987475,-11.281699800553609,-11.395932213856131,-11.513251159823701,-11.633735251361305,-11.757466244813145,-11.88452925711931,-12.015013001285046,-12.149010041971506,-12.286617073232197,-12.427935220664256,-12.573070370523244,-12.722133528668342,-12.875241212569941,-13.032515880029564,-13.194086398742602,-13.360088561387894,-13.530665651566903,-13.705969066655307,-13.886159004487219,-14.071405221790894,-14.261887873458654,-14.457798443095413,-14.659340776886769,-14.86673223470592,-15.08020497459415,-15.300007389371093,-15.526405717242657,-15.759685851979617,-16.000155382665447,-16.248145898316647,-16.504015599056782,-16.76815226322156,-17.040976629087492,-17.32294626123175,-17.61455998531694,-17.916362991944034,-18.228952730868244,-18.55298574224548,-18.889185602810603,-19.238352203375847,-19.601372621458374,-19.979233911158477,-20.3730382037785,-20.78402059923642,-21.213570431633823,-21.663256612127505,-22.134857883903294,-22.63039895337875,-23.152193554470365,-23.702895483071835,-24.285558345916733,-24.903703865850414,-25.56139637550509,-26.263316153925317,-27.0148134398328,-27.82190173901921,-28.691099354850337,-29.62892165771325,-30.640599852014244,-31.727131282430264,-32.87886905365649,-34.06257100386111,-35.19899026446305,-36.138066925108696,-36.6720688501201,-36.64446585649082,-36.0843621670403,-35.178608156535326,-34.12516688291142,-33.05284416262791,-32.02532285165434,-31.067455875945843,-30.18498709803453,-29.37530600373766,-28.63264041383789,-27.95040884017341,-27.322222456441814,-26.742265704624927,-26.2053986949709,-25.707140692141888,-25.24360792341051,-24.81143875962733,-24.407720544925628,-24.029923619869976,-23.675844094246635,-23.343555183986673,-23.031366244207256,-22.737788437520305,-22.46150599981607,-22.201352173948457,-21.956289014050114,-21.725390392443117,-21.50782765653149,-21.30285748163256,-21.109811547854722,-20.928087736655545,-20.757142597803075,-20.596484882233256,-20.445669972635233,-20.304295073100008,-20.171995043156663,-20.048438781069105,-19.933326077239663,-19.826384871660274,-19.7273688601229,-19.63605540279386,-19.552243696128464,-19.475753175238474,-19.40642211895576,-19.344106434145864,-19.288678599465833,-19.240026751853133,-19.198053901675962,-19.162677264752674,-19.13382770142546,-19.11144925460849,-19.095498780269903,-19.085945665191158,-19.082771628111132,-1.8949686830016081,-0.6614539425422348,-0.8594127853907954,1.192161689001409,0.7394994607725742,0.9245559880305829
-18.09969778415911,-18.102920576268914,-18.1125138754904,-18.128496036103353,-18.15089773764596,-18.179762181867932,-18.215145371998826,-18.257116478123052,-18.305758293678657,-18.361167789436003,-18.423456772798495,-18.49275266193761,-18.569199386172567,-18.65295842618325,-18.744210010165112,-18.843154484970338,-18.950013884721336,-19.06503372343812,-19.188485043023103,-19.320666753657033,-19.461908310474577,-19.61257277855023,-19.773060348028505,-19.943812373037456,-20.125316022268606,-20.3181096463145,-20.522788987654366,-20.74001438429508,-20.970519148327863,-21.215119336909503,-21.47472517621218,-21.750354449189693,-22.043148215274826,-22.35438929233327,-22.685523992846385,-23.038187655014887,-23.41423451965297,-23.815772424290312,-24.245202516754183,-24.705263536913918,-25.199078797865507,-25.73020107352486,-26.302644700783816,-26.92088240642876,-27.589760802563926,-28.314241373651313,-29.098779786156573,-29.945971652574627,-30.853746639969852,-31.809824836107992,-32.781574336260555,-33.70034560065482,-34.44673350739692,-34.86223164262907,-34.81960632367904,-34.315340701275645,-33.47257755738526,-32.45041989133823,-31.370756197905052,-30.30437833897631,-29.28522596083412,-28.326258436820154,-27.429861712359894,-26.59356622332894,-25.812948754397773,-25.08303594951146,-24.39894950990162,-23.75617713703896,-23.150662682257774,-22.578811846892876,-22.037461073040166,-21.52383290722666,-21.03548892555775,-20.570285211096497,-20.126332349277597,-19.701960438699988,-19.295688935224106,-18.90620086524968,-18.532320858337403,-18.172996456659607,-17.82728220635624,-17.494326097241025,-17.173357979631277,-16.863679644622888,-16.564656304761773,-16.275709255413386,-15.99630953366098,-15.725972422052552,-15.46425266982647,-15.210740325196571,-14.96505708960192,-14.726853119153265,-14.495804210369197,-14.271609317129059,-14.053988353940131,-13.842680247420242,-13.637441203576714,-13.438043163216527,-13.244272421812319,-13.05592839350659,-12.8728225017702,-12.694777181629133,-12.521624980408488,-12.353207745673945,-12.189375890528403,-12.029987727684828,-11.87490886482028,-11.72401165464779,-11.577174693945697,-11.434282366478223,-11.295224425341639,-11.159895610792246,-11.02819530006602,-10.900027186095393,-10.775298982374437,-10.653922151526174,-10.535811655391385,-10.420885724691606,-10.309065646524488,-10.200275568131072,-10.094442315534916,-9.991495225794605,-9.891365991737475,-9.793988518153851,-9.69929878853072,-9.607234741492508,-9.517736156195493,-9.430744545993416,-9.346203059754846,-9.264056390269749,-9.18425068923346,-9.106733488342,-9.031453626073713,-8.958361179769256,-8.887407402655187,-8.818544665486485,-8.751726402510393,-8.686907061478578,-8.624042057456487,-8.563087730198973,-8.504001304879262,-8.44674085597463,-8.391265274127012,-8.337534235810137,-8.28550817564685,-8.23514826123122,-8.186416370319966,-8.139275070266642,-8.093687599580006,-8.049617851495444,-8.007030359454655,-7.965890284394863,-7.926163403753996,-7.887816102103131,-7.850815363321578,-7.815128764233964,-7.780724469631921,-7.747571228606017,-7.715638372116303,-7.684895811732069,-7.655314039473665,-7.626864128690939,-7.599517735914486,-7.573247103617449,-7.548025063826631,-7.523825042523049,-7.5006210647728455,-7.478387760530408,-7.45710037105638,-7.436734755893899,-7.417267400347106,-7.398675423406607,-7.380936586067165,-7.364029299983564,-7.347932636411149,-7.332626335378327,-7.318090815038816,-7.304307181152377,-7.291257236643466,-7.278923491188114,-7.267289170780328,-7.2563382272303665,-7.246055347548332,-7.2364259631677905,-7.227436258965509,-7.219073182034715,-7.211324450171062,-7.204178560031894,-7.197624794931445,-7.191653232236326,-7.186254750327706,-7.181421035098753,-7.177144585958084,-7.173418721312257,-7.170237583502802,-7.16759614317576,-7.165490203064259,-7.16391640116732,-7.162872213310788,-7.162355955078997,-7.162366783108707,-7.162904695739484,-7.163970533017738,-7.165565976054421,-7.167693545739175,-7.170356600816762,-7.17355933533426,-7.177306775470381,-7.181604775761084,-7.1864600147382065,-7.191879990000699,-7.197873012740407,-7.204448201746945,-7.211615476918638,-7.21938555230879,-7.2277699287386845,-7.236780886010974,-7.246431474759026,-7.256735507969713,-7.267707552218922,-7.279362918660706,-7.291717653812656,-7.304788530181375,-7.3185930367733665,-7.333149369537932,-7.3484764217896705,-7.364593774659346,-7.381521687622823,-7.399281089158535,-7.41789356758495,-7.437381362130062,-7.457767354285762,-7.479075059500532,-7.501328619264534,-7.52455279364187,-7.548772954305285,-7.574015078129355,-7.600305741398729,-7.627672114688899,-7.656141958477556,-7.685743619545668,-7.716506028228213,-7.748458696575754,-7.7816317174892236,-7.81605576489171,-7.851762095002699,-7.888782548782032,-7.927149555612956,-7.966896138295947,-8.008055919427779,-8.05066312924317,-8.09475261499982,-8.140359851991473,-8.187520956277757,-8.236272699224479,-8.286652523953212,-8.338698563804934,-8.392449662929138,-8.447945399116948,-8.505226109004978,-8.564332915785538,-8.625307759568726,-8.688193430552921,-8.753033605172218,-8.819872885402841,-8.888756841425323,-8.959732057855632,-9.032846183776487,-9.108147986820157,-9.185687411576197,-9.265515642621978,-9.347685172501132,-9.432249875005047,-9.519265084145903,-9.608787679246785,-9.70087617661549,-9.795590828314568,-9.892993728590795,-9.99314892858435,-10.096122560001124,-10.201982968502548,-10.3108008576465,-10.422649444301616,-10.537604626557131,-10.655745165262168,-10.777152880454606,-10.90191286408184,-11.030113710576144,-11.161847767029196,-11.29721140491607,-11.43630531555285,-11.579234831738088,-11.726110278331362,-11.87704735486873,-12.03216755371108,-12.19159861767628,-12.35547504162847,-12.523938623100136,-12.697139067718066,-12.875234656008814,-13.058392979093458,-13.246791751867494,-13.440619713528221,-13.640077626792884,-13.845379388886418,-14.056753269417694,-14.274443292667328,-14.49871078465128,-14.72983610869145,-14.968120617225386,-15.213888852354865,-15.46749103332977,-15.729305875988334,-15.999743797370776,-16.279250568589937,-16.568311490943447,-16.86745618462877,-17.17726409681032,-17.498370856817218,-17.831475631660496,-18.177349665672512,-18.536846224758097,-18.91091220929346,-19.300601750581304,-19.70709216361361,-20.131702691568435,-20.57591653922065,-21.041406740410807,-21.53006641228537,-22.04404386315894,-22.585782737677697,-23.15806670022498,-23.76406668095892,-24.407385665621526,-25.092089872451062,-25.822702879640303,-26.60411472432754,-27.441308896367907,-28.33871220047928,-29.298780165145054,-30.31907152604318,-31.38648316307631,-32.46676210022844,-33.48854228790719,-34.329157285532766,-34.829056372081666,-34.86584472907374,-34.444814253223186,-33.69450774441746,-32.773563024612784,-31.800897341370348,-30.844645260031456,-29.937085772677897,-29.090293225303263,-28.306226894452465,-27.58223382198436,-26.913830061836073,-26.29604123728759,-25.724015868641914,-25.19328046050319,-24.699821917951738,-24.24008961165732,-23.81096269322159,-23.4097049081679,-23.033917468237327,-22.68149470545128,-22.35058433810153,-22.03955277881076,-21.746955270761585,-21.471510374334343,-21.21207824988872,-20.967642194246633,-20.737292938069917,-20.52021527347657,-20.315676643720405,-20.123017384164473,-19.941642354146204,-19.771013742390945,-19.610644864880374,-19.46009480432525,-19.31896376549461,-19.18688904143587,-19.0635415028131,-18.94862253681929,-18.841861373910735,-18.74301275040304,-18.651854863120302,-18.5681875790953,-18.491830869021136,-18.422623437950783,-18.360421530790937,-18.305097893574008,-18.256540874424054,-18.21465365064928,-18.179353570569347,-18.150571600582023,-18.128251869641613,-18.11235130480638,-18.10283935285037,-18.099697784159105,-0.5599715692523906,-0.983873987071884,-0.6821885801118661,1.2346516408286645,0.6886647310323558,1.0801251375123155
-15.296583169771294,-15.30055129366432,-15.3124547792803,-15.33231870990859,-15.360185081285668,-15.396113100275194,-15.440179608553134,-15.49247963701478,-15.553127098427623,-15.622255627794166,-15.700019581993303,-15.786595212568885,-15.882182028059397,-15.987004365039791,-16.101313190093897,-16.225388158258717,-16.35953995706124,-16.504112969043966,-16.6594882895234,-16.826087140013794,-17.00437472087845,-17.19486454867652,-17.398123323269303,-17.614776365286637,-17.84551365323558,-18.091096466902886,-18.352364602666025,-18.63024405557225,-18.92575494448777,-19.240019261234828,-19.57426770563118,-19.929844349934378,-20.308207035086376,-20.71092003619637,-21.139633317468004,-21.59603909307897,-22.081790561481064,-22.598358240681815,-23.14678430565179,-23.72727209985336,-24.338514194423368,-24.97661943127547,-25.633463247905866,-26.294313114727586,-26.93481902192648,-27.518181154282402,-27.99473714798659,-28.307699219796135,-28.407576365265896,-28.27093482211494,-27.911146643829188,-27.372100675670694,-26.710298212429457,-25.97833363352055,-25.216766365102174,-24.453200732827266,-23.704737094049264,-22.98106228915075,-22.287032889604077,-21.624519932241814,-20.99362674991486,-20.393458454143655,-19.822594952457436,-19.279375653203154,-18.762067137246316,-18.26895902777745,-17.798416220218275,-17.348904843505252,-16.919002618878782,-16.50740014684159,-16.11289710824177,-15.734395799274484,-15.370893455329508,-15.021474223859565,-14.685301280189032,-14.361609355454789,-14.049697809044464,-13.748924295753195,-13.458699029745214,-13.17847962036348,-12.907766440781373,-12.64609848435014,-12.393049662071023,-12.148225495911225,-11.911260165443336,-11.681813868749291,-11.459570462230285,-11.244235347627791,-11.03553357803742,-10.833208157908125,-10.637018514932905,-10.446739124350074,-10.26215826849738,-10.083076916515648,-9.90930771090763,-9.740674049246499,-9.57700925072155,-9.418155798428735,-9.263964649381922,-9.114294605155983,-8.969011736892005,-8.827988859112496,-8.691105047424193,-8.558245195738474,-8.429299609125248,-8.3041636288433,-8.182737286466716,-8.064924984359026,-7.950635200040144,-7.839780212250758,-7.732275846748741,-7.628041240076278,-7.526998619717681,-7.42907309922919,-7.3341924870659785,-7.242287107959889,-7.15328963581623,-7.067134937200691,-6.983759924579637,-6.903103418559702,-6.8251060184470616,-6.749709980513777,-6.676859103418954,-6.606498620287155,-6.538575096995736,-6.473036336267484,-6.409831287205497,-6.348909959943873,-6.290223345121261,-6.2337233379145935,-6.179362666397998,-6.1270948240169645,-6.07687400599075,-6.028655049476842,-5.982393377350304,-5.938044945468045,-5.895566193303788,-5.854913997853739,-5.816045630725912,-5.778918718337619,-5.743491205156209,-5.709721319927477,-5.677567544844484,-5.646988587616901,-5.617943356407387,-5.590390937606957,-5.564290576426009,-5.539601660281268,-5.516283704962063,-5.494296343561276,-5.473599318157756,-5.454152474237556,-5.435915757841042,-5.418849215422121,-5.402912996404018,-5.388067358413724,-5.374272675174023,-5.361489447028289,-5.349678314068691,-5.338800071833316,-5.328815689532028,-5.319686330754404,-5.311373376606301,-5.303838451214036,-5.297043449527332,-5.290950567343788,-5.285522333468905,-5.280721643916629,-5.2765117980461484,-5.272856536521089,-5.26972008096787,-5.267067175200194,-5.2648631278672475,-5.263073856373934,-5.261665931912107,-5.260606625433434,-5.259863954385878,-5.25940673002843,-5.259204605131455,-5.259228121863924,-5.259448759663301,-5.259838982879548,-5.260372287981144,-5.261023250108976,-5.261767568762748,-5.262582112404792,-5.263444961767832,-5.264335451655925,-5.26523421103231,-5.266123201193496,-5.266985751835911,-5.267806594830249,-5.268571895528077,-5.269269281436856,-5.269887868111599,-5.270418282125328,-5.270852680994876,-5.271184769954518,-5.271409815486305,-5.2715246555333675,-5.271527706340272,-5.271418965883004,-5.271200013869661,-5.2708740083119086,-5.270445678686033,-5.269921315721076,-5.269308757869946,-5.268617374537287,-5.267858046155118,-5.267043141213973,-5.266186490372736,-5.265303357785283,-5.26441040979543,-5.263525681164359,-5.262668539005617,-5.261859644612839,-5.261120913373711,-5.260475472970901,-5.259947620076226,-5.2595627757488135,-5.259347439750712,-5.259329143995105,-5.259536405342403,-5.2599986779584444,-5.260746305446831,-5.261810472963983,-5.263223159521129,-5.265017090671952,-5.2672256917784965,-5.269883042040804,-5.273023829468122,-5.276683306961244,-5.28089724966682,-5.285701913755448,-5.291133996765929,-5.297230599648664,-5.304029190631493,-5.311567571021747,-5.3198838430488715,-5.329016379842571,-5.3390037976324525,-5.349884930246441,-5.361698805976772,-5.374484626874575,-5.388281750526517,-5.4031296743601,-5.419068022517849,-5.4361365353348425,-5.454375061448911,-5.4738235525683665,-5.494522060918287,-5.516510739383278,-5.539829844362167,-5.564519741348553,-5.59062091324995,-5.618173971458264,-5.647219669684845,-5.677798920574581,-5.709952815115821,-5.743722644865688,-5.779149927014167,-5.816276432315018,-5.855144215916899,-5.895795651134676,-5.938273466208047,-5.98262078410313,-6.028881165421857,-6.077098654494658,-6.127317828743417,-6.179583851414735,-6.233942527797648,-6.290440365055705,-6.3491246358206075,-6.410043445713491,-6.47324580498087,-6.538781704455051,-6.606702196074084,-6.677059478223727,-6.749906986194438,-6.825299488079666,-6.903293186478452,-6.983945826405917,-7.067316809859763,-7.153467317540371,-7.242460438276504,-7.334361306769166,-7.429237250333034,-7.5271579453893676,-7.628195584546963,-7.732425055199805,-7.8399241306728324,-7.950773675062038,-8.06505786304323,-8.182864416067833,-8.304284856525236,-8.429414781632454,-8.558354159015922,-8.691207646179947,-8.828084936316012,-8.969101133200152,-9.11437715825765,-9.264040193250684,-9.418224162471429,-9.577070258808583,-9.74072751860751,-9.909353450873406,-10.083114727083762,-10.262187938695305,-10.446760430364792,-10.637031217970245,-10.833212001738495,-11.035528286176014,-11.244220620087535,-11.459545971773291,-11.681779256547431,-11.91121503604002,-12.148169411353111,-12.392982135049879,-12.646018970158895,-12.907674327843361,-13.178374219036982,-13.45857955903282,-13.748789867453816,-14.049547408767346,-14.361441819763023,-14.685115268942678,-15.021268186572296,-15.370665590016447,-15.734144001827486,-16.112618909785038,-16.507092635747775,-16.91866234309899,-17.348527687502667,-17.79799724898876,-18.268492288064927,-18.7615454029877,-19.278790098379943,-19.821934729971222,-20.392710154611372,-20.992773711052827,-21.6235413719736,-22.285902853902364,-22.979748460054374,-23.70319963741302,-24.451391659157693,-25.214630453023744,-25.97581292620937,-26.707343220006656,-27.36869135372131,-27.90732163828425,-28.266815483978732,-28.40336049317452,-28.30361143706273,-27.990961645097965,-27.514821522993373,-26.931900892277966,-26.2918106821399,-25.631326650689385,-24.9747930428535,-24.336945945822578,-23.725917024544003,-23.14560510855688,-22.59732460122748,-22.0808780422157,-21.59522804088473,-21.138907901283247,-20.71026745509527,-20.307616886223997,-19.929308131581745,-19.57377842889523,-19.239571147086124,-18.925343186939745,-18.629864635901367,-18.352014142984146,-18.090772114126676,-17.845212986618314,-17.61449732229731,-17.397864139832212,-17.194623710713127,-17.00415092479563,-16.825879260314956,-16.65929535212381,-16.503934129180927,-16.359374480926746,-16.22523540766559,-16.10117260962787,-15.986875471260921,-15.882064400402612,-15.786488485662076,-15.699923439165335,-15.622169795588455,-15.553051341971727,-15.492413756124364,-15.44012343447159,-15.396066492968888,-15.36014792723038,-15.332290920315794,-15.312436288723017,-15.30054205907193,-15.296583169771296,-1.7010072923194237,-1.5805861652128566,-1.6067553209965286,1.6688930243098992,1.6593414542221245,0.5928834147857638
-6.260790312167258,-6.263842039791816,-6.273007141522364,-6.288300278719507,-6.309745963006135,-6.337378665611864,-6.371242971487176,-6.411393779193326,-6.457896547846664,-6.510827592653809,-6.570274430809167,-6.636336179727683,-6.709124009737351,-6.788761653436523,-6.875385973899633,-6.969147593749511,-7.070211586747629,-7.178758232905511,-7.294983837082823,-7.419101609461136,-7.551342603962915,-7.691956707342769,-7.841213666927601,-7.99940413829461,-8.166840724820815,-8.34385896800663,-8.530818229371766,-8.728102379607108,-8.93612017584681,-9.155305159650842,-9.386114841334948,-9.629028843375497,-9.884545546631243,-10.15317660404567,-10.435438438040325,-10.7318394937726,-11.042861545877757,-11.368932706179251,-11.710388899227311,-12.067419401582454,-12.439990530413434,-12.82773971738784,-13.229830148083604,-13.64475431806872,-14.070074292287293,-14.50208929683351,-14.935431439154199,-15.362614051797499,-15.77360213134967,-16.15554534337299,-16.49290091229734,-16.76823184680485,-16.963904832452346,-17.064633218157944,-17.060329783549477,-16.948309671336403,-16.73391851857954,-16.429297555554975,-16.050842429633107,-15.616363212047087,-15.142793645489165,-14.644810360143312,-14.13429477272518,-13.620372397883704,-13.109755819005848,-12.607193313709526,-12.115909449439767,-11.637986211009588,-11.174670164645423,-10.726609454969768,-10.294031546061994,-9.876873973471946,-9.474879210179719,-9.087662766139818,-8.714761626232425,-8.355668390721203,-8.00985509031099,-7.676789581627073,-7.355946632856163,-7.046815224193147,-6.7489031618142015,-6.461739795799451,-6.184877409965646,-5.917891691276143,-5.660381571040983,-5.411968646941344,-5.172296334956319,-4.941028857026923,-4.717850139094453,-4.5024626716424185,-4.2945863686454135,-4.093957449148417,-3.9003273573159913,-3.713461730798012,-3.533139423001902,-3.3591515818652997,-3.1913007856420714,-3.029400234796213,-2.873272998158627,-2.722751310907192,-2.5776759215817915,-2.4378954851725627,-2.3032659992680293,-2.173650280282589,-2.0489174768720435,-1.9289426177711813,-1.813606191434948,-1.7027937550234362,-1.5963955704343833,-1.4943062652491144,-1.3964245166164981,-1.302652756251338,-1.2128968948681491,-1.1270660645070625,-1.0450723773360076,-0.9668306996315807,-0.8922584397512224,-0.8212753490109358,-0.7538033344769856,-0.689766282766697,-0.629089894033723,-0.5717015253866917,-0.5175300430584696,-0.46650568270586834,-0.41855991727767655,-0.3736253319424257,-0.33163550561686844,-0.2925248986821086,-0.25622874651691807,-0.22268295851750336,-0.19182402230984416,-0.163588912895358,-0.13791500650281946,-0.11473999894983876,-0.09400182834553517,-0.07563860199303384,-0.05958852737532065,-0.04578984713213223,-0.03418077795797883,-0.024699453372515053,-0.01728387033492003,-0.011871839692564685,-0.008400940472591096,-0.006808478041379613,-0.007031446173155009,-0.009006493083221209,-0.012669891495257685,-0.017957512824207496,-0.024804805567731902,-0.03314677800899546,-0.04291798534215101,-0.0540525213389803,-0.06648401468073262,-0.0801456300831205,-0.09497007434449473,-0.11088960744758394,-0.12783605884330732,-0.1457408490413357,-0.16453501662594316,-0.18414925080711947,-0.20451392960600062,-0.22555916376012142,-0.24721484641773236,-0.26941070867163897,-0.29207638096134336,-0.31514146034783724,-0.3385355836383517,-0.3621885063085181,-0.38603018713705756,-0.40999087843319565,-0.43400122169997973,-0.4579923485374885,-0.48189598654884824,-0.5056445699698302,-0.529171354699066,-0.5524105373619127,-0.5752973779966574,-0.5977683259076296,-0.619761148186788,-0.6412150603634464,-0.662070858602289,-0.6822710528327475,-0.7017600001591311,-0.7204840378711076,-0.738391615348948,-0.7554334241377479,-0.7715625254504277,-0.7867344743509331,-0.8009074398673177,-0.8140423202895499,-0.8261028529190835,-0.8370557175569875,-0.8468706330443111,-0.8555204462027088,-0.8629812125646896,-0.8692322683313041,-0.8742562930494837,-0.8780393625621353,-0.8805709918497729,-0.8818441674529511,-0.8818553692390694,-0.8806045813539449,-0.8780952922778772,-0.8743344839857748,-0.8693326102908344,-0.8631035645306255,-0.8556646368312344,-0.8470364612594204,-0.8372429532433958,-0.8263112377084635,-0.8142715684346752,-0.8011572391982519,-0.7870044873068838,-0.7718523901805945,-0.7557427556640571,-0.7387200067834887,-0.720831061680815,-0.7021252094702203,-0.6826539827674148,-0.6624710276401934,-0.6416319717206788,-0.6201942912051726,-0.5982171774474367,-0.5757614038261418,-0.5528891935373647,-0.5296640889294322,-0.5061508229604457,-0.48241519331909866,-0.4585239397078047,-0.4345446247438995,-0.4105455188907873,-0.3865954897863891,-0.3627638962923153,-0.3391204875434892,-0.3157353072357051,-0.29267860334750245,-0.27002074345369687,-0.24783213575062832,-0.22618315587846552,-0.20514407959332573,-0.1847850213123753,-0.16517587852766583,-0.1463862820603019,-0.12848555210465554,-0.11154265999359715,-0.09562619559941186,-0.08080434027150021,-0.06714484520100975,-0.054715015093962344,-0.04358169702830571,-0.033811274366395055,-0.025469665592639145,-0.01862232794625593,-0.013334265721200503,-0.009670043109283946,-0.007693801467928198,-0.007469280901244997,-0.00905984605158835,-0.012528516008632015,-0.01793799825429415,-0.02535072657420073,-0.03482890287989726,-0.04643454290082105,-0.06022952572064557,-0.07627564714966545,-0.09463467694257799,-0.1153684198902013,-0.1385387808336897,-0.16420783367112418,-0.19243789444888568,-0.2232915986540272,-0.2568319828491434,-0.2931225708179788,-0.3322274644185061,-0.3742114393704441,-0.41914004623654605,-0.467079716891468,-0.5180978768089509,-0.5722630635378646,-0.6296450517801198,-0.6903149855295788,-0.7543455177805545,-0.8218109583681541,-0.8927874305605821,-0.9673530370865292,-1.0455880363485643,-1.1275750296475369,-1.213399160322959,-1.3031483258011667,-1.3969134036372701,-1.4947884927385644,-1.5968711710673977,-1.7032627712396717,-1.8140686755627609,-1.9293986321924668,-2.049367094233197,-2.1740935837576503,-2.303703082880833,-2.4383264541859946,-2.578100892963244,-2.723170413881,-2.873686374857896,-3.029808041028536,-3.1917031917861314,-3.359548773918149,-3.5335316038004274,-3.7138491214419784,-3.9007101988252666,-4.094336004392926,-4.294960924593557,-4.502833541982545,-4.718217667294418,-4.941393419909712,-5.172658346885212,-5.412328564727062,-5.660739899706215,-5.918248990841052,-6.185234303451768,-6.462096978690988,-6.74926141326544,-7.04717542033085,-7.356309762596876,-7.6771567655128,-8.010227602961836,-8.356047687607797,-8.715149375577234,-9.088060886849679,-9.4752899167619,-9.87729982883913,-10.294475522890863,-10.727075005677833,-11.175161298813244,-11.63850757675088,-12.116466411109839,-12.60779201141887,-13.110403184335249,-13.621076083605402,-14.135062931780302,-14.645651183462956,-15.143714550181809,-15.617369585879338,-16.051935926514084,-16.430474143540764,-16.735166798086176,-16.94961026195857,-17.061656528760807,-17.065956348550777,-16.965195266376586,-16.769465168080394,-16.49405978225149,-16.156619975363277,-15.774589285246305,-15.363515331439219,-14.936251545856756,-14.502834592840557,-14.070751775015138,-13.645370965206618,-13.230392543696428,-12.828253868904085,-12.440461804958511,-12.067852531328871,-11.710788023011185,-11.36930142730832,-11.043202994495092,-10.73215638746143,-10.435733137570578,-10.15345116302737,-9.884801754871466,-9.6292682642678,-9.386338843852771,-9.155514945596844,-8.93631680300369,-8.72828678138675,-8.530991231493497,-8.344021302665288,-8.166993042738712,-7.999547018990931,-7.841347627485954,-7.692082209912138,-7.551460062188795,-7.419211394011203,-7.295086280404464,-7.178853633330013,-7.070300212036891,-6.969229684165789,-6.875461744865634,-6.788831297842385,-6.7091876999421025,-6.6363940692951005,-6.570326656011734,-6.510874273773028,-6.4579377902935855,-6.411429674469246,-6.3712735980012525,-6.337404089369521,-6.309766238179741,-6.288315448110694,-6.273017236923403,-6.263847082251792,-6.260790312167258,-0.8391973889042923,-0.5270197306053335,-1.437798478316831,1.8500258902689404,1.31540654649653,1.3921732888922735
-5.478131317318451,-5.480342562946856,-5.486970806837651,-5.49802285285481,-5.513510069220207,-5.533448435121928,-5.557858606485233,-5.586766001440048,-5.620200906183133,-5.658198602106756,-5.700799515250614,-5.748049389333172,-5.7999994838348705,-5.8567067988419925,-5.918234328620356,-5.9846513461759265,-6.056033721379644,-6.132464275591425,-6.21403317611927,-6.300838374300311,-6.39298609149888,-6.49059135789161,-6.593778609560221,-6.702682350151016,-6.817447884198311,-6.938232130162038,-7.065204522312771,-7.198548011828917,-7.338460178868857,-7.48515446896656,-7.63886156889158,-7.799830939133672,-7.968332522432728,-8.144658650284406,-8.329126172104495,-8.52207883470024,-8.723889942805691,-8.934965334558047,-9.155746708690842,-9.386715342507467,-9.628396240738942,-9.881362754160314,-10.146241701716336,-10.423719018320575,-10.71454592839235,-11.019545606197083,-11.339620218070966,-11.675758132662718,-12.029040908007575,-12.400649377982253,-12.79186770037526,-13.204083489581029,-13.638780969408163,-14.097522171967782,-14.581908136469835,-15.093507125708337,-15.633728989260973,-16.203612355542603,-16.803472217234688,-17.43232767569442,-18.086993722398766,-18.760687696972795,-19.441010110463992,-20.10731579819961,-20.728002127332942,-21.25933276560218,-21.648814699656835,-21.846048401795052,-21.81945824856109,-21.569685822528516,-21.12929108716728,-20.549013943480965,-19.881141129651915,-19.168952475980007,-18.443578293011935,-17.725279988451256,-17.02617922359197,-16.352868632118096,-15.70840607954069,-15.09368714584311,-14.508338198853005,-13.951278544842898,-13.421066357511148,-12.91610741036241,-12.43477818370632,-11.975496091071019,-11.536757329538897,-11.117155105972504,-10.715386141772502,-10.330250340962852,-9.960646630626307,-9.605566816142575,-9.264088567473935,-8.935368200540905,-8.618633636534966,-8.313177747876898,-8.018352192577517,-7.733561774027898,-7.458259325033252,-7.191941093296204,-6.934142594271297,-6.684434892372767,-6.442421270396456,-6.207734248117394,-5.9800329133430585,-5.759000531612493,-5.544342403852279,-5.3357839444022614,-5.133068954779083,-4.935958071285626,-4.744227367070613,-4.557667091489487,-4.376080531622597,-4.199282982585929,-4.027100814841065,-3.85937062809612,-3.695938482606889,-3.536659199757093,-3.381395724735612,-3.23001854495256,-3.0824051585596224,-2.9384395880753376,-2.7980119346743164,-2.661017969190564,-2.527358756317177,-2.396940308865733,-2.2696732692846417,-2.1454726159325257,-2.0242573918650644,-1.9059504541260792,-1.790478241739489,-1.6777705607815083,-1.5677603850747914,-1.4603836711906655,-1.3555791865742761,-1.253288349722114,-1.1534550814438065,-1.0560256663317023,-0.9609486236435671,-0.8681745868771156,-0.7776561913809309,-0.6893479694053661,-0.6032062520500361,-0.5191890776123133,-0.43725610588414904,-0.3573685379832464,-0.2794890413395617,-0.2035816794895432,-0.12961184635899997,-0.057546204741250294,0.01264737129966709,0.08099985034977333,0.14754109411991395,0.2122999046873062,0.2753040687010001,0.33658039873396217,0.39615477195188437,0.45405216625687883,0.5102966940535864,0.5649116337755851,0.6179194593010361,0.6693418673785961,0.7191998031770698,0.7675134840657266,0.814302421725991,0.8595854426895656,0.9033807073928986,0.9457057278331665,0.9865773839065504,1.0260119385055229,1.0640250514481622,1.100631792308936,1.1358466522173385,1.1696835546874147,1.2021558655387352,1.2332764019663196,1.2630574408147615,1.2915107261091128,1.318647475892978,1.3444783884218627,1.3690136477577173,1.3922629288085413,1.4142354018547594,1.4349397366021752,1.454384105799225,1.4725761884543487,1.4895231726872895,1.5052317582462966,1.5197081587210741,1.5329581034796378,1.5449868393550683,1.5557991321063191,1.565399267675299,1.5737910532603805,1.5809778182246128,1.58696241485486,1.5917472189861328,1.5953341305032924,1.5977245737304124,1.5989194977159014,1.5989193764195515,1.597724208805655,1.5953335188441284,1.5917463554197486,1.5869612921473586,1.5809764270890252,1.5737893823668907,1.5653973036636437,1.5557968596003102,1.5449842409791623,1.5329551598775017,1.5197048485759914,1.5052280583034185,1.4895190577775528,1.4725716315199435,1.4543790779205703,1.4349342070261726,1.4142293380242663,1.3922562963928788,1.3690064106840727,1.3444705089074498,1.3186389144777708,1.2915014416889847,1.2630473906748996,1.2332655418146696,1.2021441495393668,1.169670935493593,1.1358330810040869,1.1006172188049728,1.0640094239669386,1.0259952039752458,0.9865594878988984,0.9456866145906145,0.9033603198543398,0.859563722514119,0.8142793093147072,0.7674889185810472,0.7191737225598063,0.6693142083622117,0.6178901574230088,0.5648806233856625,0.5102639083186986,0.45401753716243287,0.3961182302993026,0.33654187413414643,0.2752634895635323,0.21225719820508107,0.1474961862489996,0.08095266578420758,0.012597833440877147,-0.05759817382064123,-0.1296663259573086,-0.20363875032446063,-0.27954878560320573,-0.35743103940416304,-0.43732144979672494,-0.5192573510339518,-0.6032775437665702,-0.6894223700652009,-0.7777337935984046,-0.868255485345668,-0.9610329152592985,-1.0561134503280092,-1.1535464595378084,-1.2533834262736576,-1.3556780687583831,-1.4604864691843609,-1.5678672122593857,-1.6778815339614008,-1.7905934813788604,-1.9060700846047696,-2.0243815417552202,-2.1456014182976775,-2.2698068620031173,-2.397078834980477,-2.527502364414266,-2.66116681380902,-2.798166176750023,-2.938599395422265,-3.0825707063918655,-3.230190016451153,-3.381573311664503,-3.53684310313318,-3.6961289134296416,-3.859567808142892,-4.027304977534992,-4.19949437394412,-4.376299411293199,-4.557893733887361,-4.74446206262243,-4.936201127796391,-5.13332069893389,-5.3360447234181985,-5.544612587297548,-5.759280513411432,-5.980323113987918,-6.208035117109726,-6.4427332889429945,-6.6847585763629205,-6.9344784975645375,-7.1922898113490366,-7.458621498894917,-7.733938094732039,-8.018743405951707,-8.313584659781752,-8.619057118527198,-8.93580919592494,-9.26454809766,-9.606045987154344,-9.961146639484905,-10.330772481493145,-10.715931809097352,-11.117725798526994,-11.537354646763534,-11.976121723896851,-12.435433893312968,-12.916794988136054,-13.421787555122666,-13.952034957077018,-14.509131071978715,-15.094517069069063,-15.709272493992657,-16.353769058311578,-17.02710806439288,-17.72622671950926,-18.444524844603077,-19.16986974579609,-19.881985079558394,-20.549722977167466,-21.129788441766056,-21.569892006831807,-21.819314879223537,-21.845543601294047,-21.64799155695187,-21.258272626045155,-20.72679575989085,-20.10604121882695,-19.439723980223317,-18.759426404702964,-18.085778229523125,-17.43116853231615,-16.80237346337974,-16.202574192562082,-15.632749487424167,-15.092583270378967,-14.581036449207955,-14.096699068121005,-13.638002955899308,-13.203347267336252,-12.791170210740628,-12.399987816909487,-12.028412722276034,-11.675161006633077,-11.33905205597657,-11.019004512873689,-10.714030190080502,-10.423227084416279,-10.14577216789532,-9.88091434703801,-9.627967804078297,-9.386305824905147,-9.155355152632008,-8.934590866713101,-8.723531765440299,-8.521736218074821,-8.32879844774843,-8.144345205041066,-7.968032793182238,-7.799544408111192,-7.638587759528553,-7.484892942191619,-7.338210529812894,-7.198309866885997,-7.064977536514778,-6.938015984830297,-6.817242284840345,-6.702487024574383,-6.593593306179278,-6.490415844205861,-6.392820152724436,-6.300681812138162,-6.213885807646213,-6.132325932261196,-6.055904248123277,-5.984530600591816,-5.918122180245595,-5.856603128497603,-5.799904183038418,-5.747962359773087,-5.700720668317306,-5.6581278584760515,-5.620138195448284,-5.586711261789084,-5.557811784420712,-5.533409485220686,-5.513478953931086,-5.497999542332605,-5.486955278811868,-5.4803348026242436,-5.478131317318452,-0.06655409900890752,-1.9749969073772584,-1.2862159676473441,1.013877330897021,1.4871588297901779,1.2722140108088775
-6.774341794240051,-6.776814914871938,-6.784316848736662,-6.796857312237831,-6.8144525758200984,-6.837125535184004,-6.864905811931042,-6.897829884507312,-6.935941250580796,-6.979290622267347,-7.027936155917761,-7.081943718495774,-7.141387192918492,-7.206348825100104,-7.276919615840578,-7.353199761137516,-7.435299144974872,-7.523337889160363,-7.6174469653473365,-7.7177688749876285,-7.824458403620388,-7.937683456604777,-8.057625984144769,-8.184483004219226,-8.318467732796798,-8.459810831446664,-8.608761783096178,-8.765590407148744,-8.930588525331295,-9.104071789299834,-9.28638167991275,-9.47788768577409,-9.67898966454973,-9.89012038378792,-10.111748227242545,-10.344380036111573,-10.588564029387921,-10.84489270958192,-11.114005603366424,-11.396591602250739,-11.693390542872343,-12.005193480023944,-12.33284082840501,-12.677217136918896,-13.039240645933802,-13.419844865122881,-13.819948053403774,-14.24040447673606,-14.68192837973977,-15.144977370721854,-15.62957599918797,-16.135052486551132,-16.65965236399326,-17.19998471677437,-17.75025714314696,-18.301281319862447,-18.839314634029453,-19.344991636272376,-19.792921235375793,-20.152889133164944,-20.39363625166079,-20.489272504987667,-20.426409390448597,-20.208467742002632,-19.85453446508542,-19.393495545686775,-18.856819033554167,-18.273082865342023,-17.66530336375098,-17.050497935790144,-16.440445760595285,-15.842840039936043,-15.262398303234722,-14.701767246858283,-14.162199514934377,-13.64403545921845,-13.147035740411315,-12.670606331076765,-12.213948443282828,-11.77615709913237,-11.35628499439606,-10.953383095170997,-10.566525732461864,-10.1948254295189,-9.837440978015584,-9.493581119641979,-9.162505409921529,-8.843523317143266,-8.535992257190767,-8.239315028225784,-7.952936949796987,-7.6763429036646755,-7.40905440149357,-7.1506267561805545,-6.900646401283166,-6.6587283816205804,-6.4245140241231,-6.197668789024947,-5.977880295904061,-5.764856515763834,-5.5583241185665315,-5.35802696484936,-5.163724729927804,-4.9751916494755335,-4.792215375803375,-4.614595934830373,-4.442144774475912,-4.274683895954217,-4.112045060191429,-3.9540690622920405,-3.800605067644705,-3.651510003872764,-3.5066480033995417,-3.3658898919141613,-3.229112718491294,-3.0961993235414442,-2.967037941149855,-2.8415218327053604,-2.719548949029182,-2.6010216184904014,-2.485846258843518,-2.373933110746191,-2.2651959911151733,-2.159552064657639,-2.0569216320758694,-1.9572279335875462,-1.8603969665333975,-1.7663573159603165,-1.6750399971725471,-1.5863783093376738,-1.5003076993185989,-1.416765634979034,-1.3356914872784658,-1.2570264205345547,-1.1807132902866642,-1.1066965482445177,-1.0349221538514477,-0.965337492032755,-0.8978912967367219,-0.8325335799093203,-0.7692155655739159,-0.7078896287145685,-0.6485092386862372,-0.5910289068974837,-0.5354041385313009,-0.48159138808794877,-0.42954801854987756,-0.3792322639835267,-0.3306031954060237,-0.2836206897565932,-0.23824540182299497,-0.19443873898283418,-0.15216283862784644,-0.11138054814681615,-0.07205540734916044,-0.03415163321711497,0.0023658931206774637,0.03753163729693634,0.07137942059396467,0.1039424269082285,0.13525320788452502,0.16534368631078744,0.19424515786269758,0.22198829128588904,0.24860312710240468,0.2741190749271397,0.2985649094794595,0.3219687653747441,0.34435813078033706,0.3657598400202985,0.38620006521320915,0.40570430702752447,0.4242973846387133,0.4420034249727427,0.45884585132031835,0.4748473714062371,0.49002996499816437,0.5044148711387456,0.5180225750846472,0.530872795035504,0.5429844687349799,0.5543757400252386,0.5650639454348598,0.5750656008788511,0.584396388547735,0.5930711440607571,0.6011038439560236,0.6085075935880034,0.6152946154999656,0.6214762383359904,0.6270628863539476,0.6320640695971564,0.6364883747787473,0.6403434569287176,0.643636031849304,0.6463718694198674,0.6485557877878254,0.6501916484772075,0.6512823524415184,0.6518298370823186,0.6518350742497776,0.6512980692360164,0.6502178607667897,0.6485925219914634,0.6464191624660137,0.6436939311182098,0.640412020178909,0.6365676700580933,0.632154175139116,0.62716389045962,0.6215882392427261,0.6154177212373877,0.6086419218223048,0.601249521823554,0.593228307991971,0.5845651840825895,0.5752461824748555,0.5652564762690303,0.5545803917911953,0.5432014214365617,0.5311022367782402,0.5182647018664588,0.5046698866413084,0.4902980803803786,0.47512880510119804,0.45914082883728036,0.442312178705494,0.42462015368181166,0.40604133700185646,0.38655160810224964,0.36612615401850185,0.3447394801550656,0.3223654203430567,0.29897714610116816,0.27454717501538345,0.24904737815308828,0.22244898642722788,0.19472259582612325,0.1658381714244371,0.13576505009047937,0.1044719418047303,0.07192692950372728,0.03809746736267867,0.002950377429072137,-0.033548155482014924,-0.0714325907218506,-0.11073804066452331,-0.1515002815818044,-0.19375576663548782,-0.2375416410899697,-0.2828957598521735,-0.329856707450894,-0.37846382057342376,-0.428757213283782,-0.48077780505432716,-0.5345673517508388,-0.590168479720627,-0.6476247231437289,-0.7069805648190742,-0.7682814805706331,-0.8315739874732676,-0.8969056961142499,-0.9643253671246275,-1.033882972234459,-1.105629760128513,-1.1796183274033842,-1.255902694954464,-1.3345383901513221,-1.4155825351935356,-1.499093942076008,-1.585133214633828,-1.6737628581820299,-1.7650473973160246,-1.8590535024940669,-1.9558501260849463,-2.0555086486326726,-2.1581030361659947,-2.2637100094649822,-2.372409226291026,-2.484283477690844,-2.599418899601435,-2.7179052011122,-2.839835910884611,-2.9653086433904536,-3.094425386808532,-3.22729281461958,-3.364022623161551,-3.504731897655823,-3.64954350949144,-3.798586547862877,-3.951996789199705,-4.109917208207979,-4.272498534765708,-4.4398998613826,-4.612289306449475,-4.789844739067479,-4.972754571862568,-5.161218628854072,-5.355449096153549,-5.555671564009429,-5.762126169467501,-5.975068849655196,-6.1947727163722295,-6.421529563208747,-6.655651516704998,-6.8974728429522845,-7.147351920272557,-7.405673386854104,-7.672850468946251,-7.949327489675255,-8.23558254963382,-8.532130356503265,-8.83952515972058,-9.158363714113232,-9.489288148344757,-9.832988542318748,-10.190204911052227,-10.56172813408031,-10.948399134001557,-11.351105257669587,-11.770772292557734,-12.208349775342409,-12.664786096456996,-13.140988194497695,-13.637758116671607,-14.155695062883115,-14.695046340617813,-15.255483608865358,-15.835771989365133,-16.43329054417547,-17.043358154161293,-17.658331239060885,-18.266494514247483,-18.850905443411506,-19.38862142033323,-19.851111871236824,-20.20689336409603,-20.426970282030954,-20.492053967784265,-20.398482646782913,-20.159445215498874,-19.800730344434662,-19.353597577874176,-18.848328556928113,-18.31040691087447,-17.75928717854085,-17.20878468651962,-16.66814165503037,-16.143188002089328,-15.637339588266887,-15.152366834200667,-14.688951305940542,-14.24707413675343,-13.826280727444932,-13.425858135774899,-13.044952333244325,-12.68264465418242,-12.338000810862761,-12.010101588715735,-11.698061379402386,-11.40103869246486,-11.118241422605433,-10.848928731822847,-10.592410788920375,-10.34804719455133,-10.11524464140515,-9.893454171720697,-9.682168268174225,-9.480917929333893,-9.289269823893893,-9.106823579785408,-8.933209238929132,-8.768084891731949,-8.611134494648025,-8.462065867321337,-8.320608861708143,-8.186513693258169,-8.059549423108226,-7.939502579897454,-7.82617590996829,-7.719387245179631,-7.61896847819954,-7.524764635877707,-7.4366330420656475,-7.3544425620194245,-7.278072921261231,-7.207414092481051,-7.142365744718936,-7.082836749681023,-7.0287447406070855,-6.980015719626768,-6.936583710018097,-6.898390450219071,-6.865385126844659,-6.837524144331644,-6.814770929175697,-6.797095767043164,-6.784475671337594,-6.77689428208141,-6.774341794240051,-0.9152694828217978,-0.5343762341753322,-0.1052060146497229,1.3211171856985153,1.302125958428329,1.3179143083777314
-6.526669717265676,-6.529425587407428,-6.537694656510683,-6.5514879744066725,-6.570824012401715,-6.595728747139037,-6.626235778977437,-6.662386485872421,-6.704230214042541,-6.751824507012172,-6.805235374944481,-6.864537606516037,-6.929815125939671,-7.001161398115327,-7.078679885279424,-7.162484558930485,-7.252700471228715,-7.349464390492906,-7.452925505839172,-7.563246206405177,-7.68060294095552,-7.805187163931472,-7.937206374136445,-8.076885252159842,-8.224466902223678,-8.380214203229755,-8.544411272163508,-8.717365040352517,-8.899406938927012,-9.090894683537872,-9.292214139032616,-9.503781231056283,-9.726043851552085,-9.959483676193198,-10.204617770011446,-10.461999797325674,-10.732220565461342,-11.015907507047093,-11.313722526014923,-11.626357373429013,-11.954525345753954,-12.29894755976268,-12.660331283694752,-13.039336694821452,-13.436526857775464,-13.852293512749016,-14.286748254382386,-14.739564758302837,-15.209753006688958,-15.695341778636763,-16.192943337477992,-16.697179685301943,-17.199973749680996,-17.689769385060824,-18.15086291896382,-18.563212183420013,-18.90327733894932,-19.14645274736634,-19.271182121733986,-19.263822129770855,-19.122304755436993,-18.856728434828554,-18.486549655705165,-18.035870965869933,-17.528916968487234,-16.987018537227122,-16.42730007796057,-15.862599014344125,-15.302027859366682,-14.75174547482494,-14.215700743444879,-13.696253074945279,-13.194651589179378,-12.711388490806652,-12.246452166452785,-11.799504947895596,-11.370006203856239,-10.957296583877694,-10.56065502124657,-10.179336798356704,-9.812598527000018,-9.45971413256863,-9.119984684563324,-8.792744043528934,-8.477361687545192,-8.173243660124053,-7.87983228923276,-7.59660512455397,-7.32307339949006,-7.058780226778484,-6.803298668758099,-6.556229776223041,-6.317200657131995,-6.08586261384351,-5.8618893719889815,-5.644975413458814,-5.434834418785609,-5.231197819424293,-5.033813457325232,-4.842444347260196,-4.656867536231973,-4.476873053722046,-4.302262946328044,-4.132850390387707,-3.9684588763907196,-3.808921459282027,-3.6540800691179296,-3.5037848769198425,-3.3578937109603073,-3.2162715190992164,-3.078789873156114,-2.945326511652811,-2.815764917586031,-2.6899939281917757,-2.5679073739411007,-2.449403744262057,-2.334385877715467,-2.2227606745643143,-2.1144388298695076,-2.009334585419723,-1.9073654989618665,-1.8084522293423508,-1.7125183362996188,-1.6194900937662036,-1.5292963156451567,-1.4418681931223363,-1.3571391426632586,-1.275044663922463,-1.1955222068648563,-1.1185110474634532,-1.0439521713966995,-0.9717881652218107,-0.9019631145489446,-0.8344225087846785,-0.7691131520531411,-0.7059830799389498,-0.644981481728836,-0.5860586278584413,-0.5291658022974345,-0.4742552396302877,-0.421280066612167,-0.3701942479988249,-0.3209525364673716,-0.2735104264607419,-0.22782411180292175,-0.1838504469448052,-0.14154691171189399,-0.1008715794349827,-0.06178308835385958,-0.024240616191499746,0.011796142197120833,0.04636699419198934,0.0795112658766847,0.11126781569081917,0.14167504534561928,0.1707709080799819,0.19859291433293405,0.2251781349079107,0.25056320170411606,0.2747843060910837,0.29787719500350207,0.3198771648351125,0.34081905321269207,0.36073722873360353,0.37966557875330453,0.39763749531249737,0.41468585929708673,0.43084302292778437,0.4461407906801574,0.4606103987398947,0.47428249310206716,0.48718710642731194,0.49935363377176856,0.5108108073115513,0.5215866701861973,0.5317085495890818,0.5412030292359095,0.5500959213452594,0.5584122382677001,0.5661761639018283,0.5734110250372655,0.5801392627654947,0.5863824040997951,0.592161033945324,0.5974947675594493,0.6024022236408171,0.6069009981833532,0.6110076392283099,0.6147376226437873,0.6181053290564633,0.6211240220552995,0.6238058277807165,0.6261617160063051,0.6282014828127178,0.6299337349453642,0.631365875939116,0.6325040940839013,0.6333533522956662,0.6339173799470073,0.634198666701431,0.6341984583843767,0.633916754913427,0.6333523102986984,0.6325026347135221,0.6313639986242503,0.6299314389568088,0.6281987672668823,0.6261585798697069,0.623802269875232,0.6211200410641318,0.6181009235307542,0.6147327910098541,0.611002379795479,0.6068953091522582,0.6023961031121959,0.5974882135433061,0.5921540443704533,0.5863749768235375,0.5801313955837253,0.5734027156944741,0.5661674101012891,0.5584030376816196,0.5500862716248281,0.5411929280212081,0.5316979945187759,0.5215756589069268,0.5107993374869614,0.4993417030911129,0.48717471261356565,0.4742696339194949,0.4605970720010085,0.44612699425199753,0.43082875473747845,0.41467111733665324,0.397622277642811,0.37964988350719997,0.36072105411809496,0.34080239751019836,0.31986002640376204,0.2978595722763889,0.27476619757447635,0.2505446059746266,0.22515905060857105,0.19857334016811762,0.17075084280924,0.14165448777636763,0.11124676466984565,0.07948972028049416,0.046344952915960524,0.011773604143486285,-0.024263652126878227,-0.06180662329594264,-0.10089561454518241,-0.1415714482049449,-0.18387548610687268,-0.22784965501090432,-0.27353647520285607,-0.32097909236494754,-0.3702213128294083,-0.42130764233384876,-0.4742833284073536,-0.5291944065272979,-0.586087750199933,-0.645011125131803,-0.7060132476752987,-0.7691438477492434,-0.8344537364552436,-0.9019948786324332,-0.9718204706173532,-1.0439850235026613,-1.118544452217701,-1.1955561707867506,-1.2750791941567432,-1.357174247025846,-1.441903880148242,-1.529332594638537,-1.6195269748527847,-1.7125558304816,-1.8084903485559578,-1.907404256137776,-2.009373994546555,-2.114478906060629,-2.2228014341282094,-2.334427338229989,-2.4494459246528484,-2.5679502945645822,-2.690037610923043,-2.8158093859121234,-2.9453717907718295,-3.0788359900826734,-3.2163185027768066,-3.357941592381222,-3.503833689253283,-3.654129847847056,-3.8089722423507144,-3.968510704360903,-4.132903306608149,-4.302316997115513,-4.476928288555926,-4.656924007963261,-4.842502112335933,-5.033872576029338,-5.231258356135751,-5.434896442254682,-5.645038997101773,-5.8619545942014994,-6.08592955833207,-6.317269413261907,-6.556300439380327,-6.803371340720553,-7.058855016088713,-7.323150421819448,-7.596684503041323,-7.879914154774003,-8.173328151578975,-8.477448951812642,-8.792834235421482,-9.120077966383448,-9.459810673247745,-9.812698500604176,-10.179440381680987,-10.560762390104514,-10.957407907528056,-11.37012163677704,-11.7996246177883,-12.246576156902623,-12.711516816398259,-13.194784160028824,-13.696389646546038,-14.215840846497944,-14.751888318596293,-15.302172201792912,-15.86274299416619,-16.427441011673167,-16.987152701635964,-17.529039424300205,-18.035975530847427,-18.4866291910749,-18.856775611829168,-19.122313332472256,-19.263788458025054,-19.271106270587932,-19.146338645921833,-18.903131817004205,-18.563043401560734,-18.15067888535157,-17.689576996563407,-17.19977841036505,-16.696985331191392,-16.192752662560302,-15.695156516092014,-15.209574188970494,-14.73939292795343,-14.286583622852302,-13.852136074775181,-13.436376471342214,-13.039193135877913,-12.660194282953716,-12.298816827041017,-11.95440058576943,-11.626238295797124,-11.313608851341401,-11.015798970414545,-10.73211691819445,-10.461900807634857,-10.204523222920285,-9.9593933730226,-9.725957609143743,-9.503698880856952,-9.292135526118694,-9.090819665631942,-8.8993353854386,-8.717296831462543,-8.54434629796338,-8.380152362920187,-8.224408103374786,-8.076829410031568,-7.937153411056954,-7.805137008730418,-7.680555528448521,-7.563201476925818,-7.452883404814855,-7.3494248680609395,-7.252663481889343,-7.162450061233725,-7.078647841542903,-7.001131774170477,-6.929787890903965,-6.864512732589168,-6.805212837226591,-6.751804283342468,-6.704212284856847,-6.662370834078346,-6.6262223898460295,-6.595717608212029,-6.570815113413431,-6.551481307219989,-6.537690215066446,-6.529423367686902,-6.526669717265676,-1.6315259613991013,-0.4807059767911923,-0.9543880444563573,1.478934335978111,1.6040823059940397,1.1083926351167073
-6.451883783344513,-6.453905613346841,-6.459998216482667,-6.470167110898579,-6.4844215217088,-6.502774417810473,-6.525242563838675,-6.551846587666244,-6.582611063978464,-6.6175646145845235,-6.656740026268592,-6.700174387135235,-6.747909242568801,-6.799990772107275,-6.856469988730377,-6.917402962283003,-6.982851069001839,-7.052881269389891,-7.127566416995339,-7.206985601003758,-7.2912245259529405,-7.380375932335421,-7.4745400623748415,-7.573825175859365,-7.678348121602162,-7.788234970890495,-7.903621720200368,-8.024655071515113,-8.151493299819867,-8.284307218782331,-8.42328125731084,-8.568614661650638,-8.720522839993336,-8.879238869300341,-9.045015187260187,-9.21812549611019,-9.398866909574936,-9.587562379551965,-9.784563445584027,-9.990253357809092,-10.205050633227522,-10.429413116073425,-10.663842626181026,-10.908890294909321,-11.165162706892344,-11.433328988110723,-11.714129007007186,-12.008382885947466,-12.317002055295722,-12.64100212107419,-12.98151785757483,-13.339820673697968,-13.717338926546702,-14.115681448990692,-14.536664583472685,-14.98234280436565,-15.455042538324646,-15.957397816955265,-16.492384466494343,-17.063345794119265,-17.67399551757506,-18.3283698115692,-19.030673632497052,-19.78491509002564,-20.594123633848383,-21.458766347887313,-22.373666065088777,-23.322301099585587,-24.267219743038414,-25.137110182341395,-25.818741308167578,-26.17598491301547,-26.113385063727122,-25.642599859233158,-24.873410827038533,-23.94111208154459,-22.95093256663773,-21.96651383803422,-21.020224867659483,-20.125721590210695,-19.286704193938217,-18.50199769752615,-17.768265776107977,-17.081394320788327,-16.437168552362284,-15.83158500284944,-15.260978203363972,-14.72205543998044,-14.211887717876673,-13.727881582633085,-13.267744244329975,-12.82944810513847,-12.411197499562174,-12.011398765048682,-11.628633910959035,-11.261637746855587,-10.90927815529216,-10.57053913716786,-10.244506259227602,-9.930354161643141,-9.62733582216216,-9.33477331363955,-9.052049829837777,-8.77860278851257,-8.513917850509554,-8.25752371900588,-8.008987604529443,-7.767911259458636,-7.533927500838839,-7.3066971530011315,-7.085906352035902,-6.871264163005502,-6.662500468167706,-6.459364090671653,-6.261621123382884,-6.06905343686377,-5.881457344218939,-5.698642403627211,-5.520430342017681,-5.34665408558525,-5.177156884745995,-5.011791522757896,-4.85041959862273,-4.692910876077038,-4.539142691504445,-4.388999414484521,-4.242371955455393,-4.099157315627188,-3.959258174855563,-3.8225825136820557,-3.689043266181363,-3.558558000634074,-3.4310486253741255,-3.306441117450534,-3.184665271997515,-3.0656544704312525,-2.949345465789035,-2.8356781837009697,-2.7245955376386144,-2.616043257221534,-2.5099697284841476,-2.406325845112817,-2.305064869759235,-2.2061423046215225,-2.109515770560961,-2.015144894090327,-1.9229912016311563,-1.833018020491698,-1.7451903860668359,-1.6594749548051702,-1.5758399225283062,-1.4942549477232279,-1.4146910794608847,-1.3371206896233188,-1.2615174091480075,-1.1878560680219932,-1.1161126387799514,-1.0462641832799615,-0.9782888025486098,-0.9121655895031444,-0.8478745843732006,-0.7853967326580156,-0.7247138454672591,-0.6658085621048138,-0.6086643147650403,-0.5532652952203799,-0.4995964233877586,-0.4476433176690789,-0.3973922669683238,-0.34883020429439116,-0.30194468186501006,-0.2567238476325727,-0.21315642315808778,-0.17123168276419143,-0.1309394339027051,-0.09226999867632046,-0.05521419645794001,-0.019763327554779327,0.014090842132256158,0.04635609550025122,0.07703977773037206,0.1061488089088733,0.13368969582094947,0.15966854295274918,0.18409106273460268,0.2069625850561349,0.2282880660818631,0.24807209639369648,0.26631890848492434,0.28303238362815364,0.2982160581380092,0.31187312904748177,0.32400645921510496,0.3346185818784838,0.3437117046679925,0.35128771309285267,0.35734817351024656,0.36189433558651335,0.3649271342579328,0.366447191197152,0.366454815789664,0.36495000562339847,0.3619324464928552,0.35740151191783853,0.3513562621752411,0.34379544284096003,0.3347174828374136,0.3241204919806798,0.31200225801973774,0.29836024315877296,0.28319158005185524,0.2664930672578664,0.24826116414176747,0.2284919852067645,0.20718129384014172,0.18432449545391025,0.15991662999948755,0.1339523638338657,0.10642598091279845,0.07733137328451413,0.046662030855416446,0.014411030397043986,-0.01942897623868207,-0.05486577473126684,-0.09190760176845196,-0.13056315942844138,-0.17084163051100448,-0.21275269486364895,-0.25630654675243675,-0.3015139133302534,-0.34838607425904666,-0.3969348825463743,-0.44717278666080507,-0.4991128539951767,-0.5527687957515184,-0.6081549933267392,-0.6652865262837359,-0.7241792019987486,-0.7848495870824193,-0.847315040679226,-0.9115937497577766,-0.9777047665130942,-1.0456680480112632,-1.1155044982170879,-1.1872360125565764,-1.2608855251781983,-1.3364770590904393,-1.4140357793677436,-1.4935880496331762,-1.5751614920439319,-1.6587850510254551,-1.7444890610214048,-1.8323053185507308,-1.922267158889375,-2.0144095377232203,-2.1087691181513493,-2.2053843634542565,-2.3042956360816382,-2.405545303358252,-2.5091778504557065,-2.6152400012326877,-2.7237808476070784,-2.834851988191928,-2.9485076770031275,-3.0648049831324724,-3.183803962375391,-3.305567841910505,-3.4301632192491995,-3.5576602768100285,-3.6881330136269823,-3.821659495874616,-3.958322128090823,-4.098207947201608,-4.241408941706929,-4.3880223986764655,-4.538151281534773,-4.691904641993579,-4.8493980699215555,-5.010754185439491,-5.176103178100134,-5.345583398671419,-5.519342009803183,-5.69753570273945,-5.880331488262111,-6.067907571242449,-6.260454319566257,-6.458175339821746,-6.661288674042519,-6.870028134033674,-7.084644792442036,-7.305408652840439,-7.532610524775447,-7.766564134092134,-8.007608504039364,-8.25611064884102,-8.512468628797821,-8.777115024804719,-9.050520900722612,-9.33320033467638,-9.625715615463294,-9.928683218302192,-10.242780695621077,-10.568754643952492,-10.907429937670223,-11.259720454377778,-11.626641554771629,-12.009324620063587,-12.409033988540001,-12.827186661145884,-13.26537514752333,-13.725393766964462,-14.209268543400926,-14.719290427542502,-15.258050731727122,-15.828475976106187,-16.433856062369824,-17.07785336463654,-17.764468160832745,-18.497912410765903,-19.28229881441155,-20.120965899524293,-21.015098959981575,-21.961025055266596,-22.94514852724643,-23.935218497803874,-24.867791517429442,-25.63788613163166,-26.11033453166046,-26.175104715131003,-25.819951198772685,-25.13985407661582,-24.270849780251176,-23.326321849169478,-22.37777132195463,-21.462789850386063,-20.59798461773712,-19.78858048809861,-19.034135584482556,-18.33163312768017,-17.677070904294908,-17.066246266477762,-16.495123491141502,-15.959988388561186,-15.457496756488844,-14.984671716199072,-14.538878164138787,-14.117788650684444,-13.719347758207231,-13.34173829125742,-12.983350654216013,-12.642755812310762,-12.318681756619005,-12.009993182364669,-11.715674014619166,-11.434812408277333,-11.16658787369933,-10.910260216689661,-10.665160021817002,-10.430680446747868,-10.206270130222814,-9.991427046880961,-9.78569316836934,-9.58864981240769,-9.399913580190718,-9.219132798188856,-9.045984393518886,-8.880171143009388,-8.721419245239105,-8.569476172482803,-8.4241087659118,-8.285101542777781,-8.152255188833111,-8.025385213053873,-7.904320744953035,-7.788903457498457,-7.678986600966375,-7.5744341350315745,-7.475119948077657,-7.380927154149715,-7.291747459206346,-7.20748058938986,-7.1280337749494285,-7.0533212842442445,-6.983264002940423,-6.917789054113429,-6.856829455488556,-6.800323810508542,-6.748216030317575,-6.70045508410379,-6.656994775554383,-6.617793543454127,-6.582814284705394,-6.552024198268816,-6.5253946487233545,-6.5029010483253105,-6.484522756610848,-6.470242996738631,-6.460048787909928,-6.453930893335613,-6.451883783344515,-1.5997128883428895,-1.0631293587613955,-1.9174043752005452,0.7738758370135438,1.4738058144065866,1.2102230587766478
-4.679129353387681,-4.681864860873864,-4.69021614413763,-4.704195327256242,-4.723822710259398,-4.749126848646522,-4.78014466543056,-4.81692159629679,-4.859511768618293,-4.907978215208527,-4.962393123810438,-5.022838123411808,-5.08940460852738,-5.162194102584431,-5.241318661469889,-5.326901318116212,-5.419076568684114,-5.517990900393704,-5.623803360296142,-5.736686163178617,-5.856825335237867,-5.984421387985229,-6.11969001384685,-6.262862790812043,-6.414187877876934,-6.573930675411277,-6.742374414242916,-6.919820623256329,-7.106589406350253,-7.303019433941408,-7.509467519453821,-7.726307604155598,-7.953928909893757,-8.192732932769681,-8.443128833553061,-8.705526621901873,-8.980327317058412,-9.26790897929932,-9.568607121143463,-9.882687498200205,-10.21030861819597,-10.551470470695879,-10.90594496945535,-11.273182471039965,-11.652187666025021,-12.041357548784937,-12.43827489955201,-12.839454288320187,-13.24004652892873,-13.633525258480299,-14.01140949193355,-14.363119351600538,-14.676110292716496,-14.936457863558775,-15.130023433546075,-15.24417373957647,-15.269760233267696,-15.202807033441623,-15.04530987019491,-14.80482951685909,-14.493043264455876,-14.123793396971989,-13.711232644113846,-13.268457573078729,-12.806737887861079,-12.335249761302865,-11.86114478810633,-11.389795911197478,-10.925106621393105,-10.469816327333191,-10.025769602700123,-9.594138593748049,-9.175599330403939,-8.770467724590297,-8.37880251102711,-8.000482116598365,-7.635261474551285,-7.282813663256976,-6.942760188435539,-6.61469283113422,-6.298189265520323,-5.992824093331032,-5.698176518067458,-5.413835563828663,-5.139403506667101,-4.87449801066742,-4.618753331104851,-4.371820851205545,-4.1333691483368735,-3.903083733301078,-3.680666567913753,-3.46583543762591,-3.2583232349515354,-3.057877193949018,-2.864258104544053,-2.6772395270219156,-2.4966070207812425,-2.322157396856332,-2.1536980003559765,-1.9910460265189835,-1.8340278723159777,-1.6824785242597526,-1.5362409821926803,-1.3951657182022656,-1.2591101694032456,-1.1279382630615993,-1.0015199723830066,-0.8797309012146974,-0.7624518958930228,-0.6495686824926515,-0.5409715277843143,-0.43655492227757975,-0.3362172838058186,-0.23986068019816964,-0.14739056967340997,-0.058715557681321175,0.02625283099380786,0.10760036596661801,0.18541031183721468,0.25976361656839375,0.3307390885164745,0.39841356290872126,0.4628620584945812,0.5241579250363713,0.5823729822478497,0.6375776507353512,0.6898410754465236,0.7392312420850954,0.7858150869070807,0.8296586002733976,0.870826924296568,0.9093844448841913,0.945394878449411,0.9789213535281962,1.0100264875150298,1.0387724587021818,1.065221073783154,1.0894338309577976,1.1114719787552747,1.1313965706710478,1.1492685156953864,1.1651486247938223,1.1790976533838209,1.191176339837373,1.2014454400256447,1.2099657579095728,1.2167981721692736,1.222003658855266,1.2256433100359891,1.2277783484086557,1.22847013783465,1.2277801897558132,1.2257701654447628,1.2225018740404827,1.2180372663199854,1.2124384241579689,1.2057675456290835,1.1980869257116564,1.1894589325576947,1.1799459793016294,1.1696104913895624,1.1585148694218437,1.1467214475147445,1.134292447201318,1.121289926908041,1.1077757270615367,1.0938114108993509,1.079458201079695,1.0647769122075696,1.0498278794184037,1.0346708831852152,1.019365070541056,1.0039688729350942,0.9885399209677209,0.9731349562772983,0.9578097408784829,0.9426189642789419,0.927616148727526,0.912853552972256,0.898382074930359,0.8842511536948939,0.8705086713225867,0.857200854865446,0.8443721791236445,0.8320652706091823,0.8203208132186195,0.8091774561179566,0.7986717243440362,0.7888379326238211,0.7797081029058118,0.7713118860862916,0.7636764883973366,0.7568266029032488,0.7507843465276743,0.7455692030049883,0.7411979721169897,0.7376847255397392,0.7350407695857287,0.7332746150839551,0.7323919545953472,0.7323956471136317,0.7332857103527856,0.7350593206723004,0.7377108206407545,0.7412317341877255,0.7456107892439743,0.7508339477208459,0.7568844426325663,0.7637428221198099,0.7713870000902592,0.779792313152205,0.7889315834808992,0.7987751872247474,0.8092911280296976,0.8204451152356218,0.8322006462781915,0.844519092813778,0.8573597900733776,0.8706801289442456,0.8844356502749298,0.8985801409004059,0.9130657308889956,0.9278429915211729,0.9428610335225034,0.9580676050876845,0.9734091892506912,0.9888311001758847,1.0042775779673374,1.0196918816174363,1.0350163797410632,1.0501926387679081,1.0651615082923191,1.079863203307493,1.094237383077855,1.1082232264307592,1.1217595032750456,1.1347846421798682,1.1472367938721109,1.159053890534393,1.1701737008082367,1.1805338804279872,1.1900720184306617,1.1987256789048224,1.2064324382579164,1.213129917996071,1.2187558130231988,1.2232479154773737,1.2265441341318737,1.2285825093958551,1.2293012239556944,1.2286386091023118,1.2265331467924683,1.2229234674932574,1.217748343858537,1.2109466802842268,1.2024574983862095,1.1922199184397428,1.1801731368134716,1.1662563994237636,1.1504089712265333,1.132570101753942,1.1126789866923579,1.090674725485676,1.0664962749346614,1.040082398748351,1.0113716129874821,0.9803021273228351,0.9468117820127365,0.9108379804840347,0.8723176173795171,0.8311870019117407,0.7873817763386072,0.7408368293498144,0.6914862041248983,0.6392630007934009,0.584099272995242,0.5259259182044228,0.46467256144194535,0.4002674319634957,0.3326372324644953,0.26170700029853206,0.18739996015569468,0.10963736759365758,0.028338342757233126,-0.05658030643939051,-0.14520427245900266,-0.2376219484777189,-0.3339246418468814,-0.4342068016948591,-0.5385662617657367,-0.6471044996779134,-0.7599269138749698,-0.8771431196311623,-0.9988672655646291,-1.125218372198353,-1.2563206941901686,-1.3923041079224938,-1.5333045261938465,-1.6794643417783375,-1.8309329016031126,-1.9878670132215785,-2.150431485108459,-2.3187997020422246,-2.4931542364303696,-2.673687495819851,-2.860602405946965,-3.0541131274209525,-3.2544458023759546,-3.4618393249921646,-3.676546126447268,-3.8988329603007865,-4.1289816681135765,-4.3672898966936655,-4.6140717269649,-4.869658159030646,-5.13439737713055,-5.408654689931826,-5.692812003331946,-5.987266631105012,-6.2924291784531,-6.608720138266687,-6.936564710836945,-7.276385183144694,-7.628589968261705,-7.9935580890989595,-8.371617469440455,-8.763014841081953,-9.167874361371325,-9.58614114284644,-10.017504839293888,-10.461297296918278,-10.916357303799067,-11.380855181795454,-11.85207138986851,-12.326128255284836,-12.797685247703654,-13.259629544052327,-13.702828151282427,-14.116054258228212,-14.486245666486642,-14.79926402784788,-15.041249290511232,-15.20046645698525,-15.269259493027217,-15.245514921277847,-15.133092043648164,-14.941046865082194,-14.68195747171861,-14.369945614516894,-14.018948953863983,-13.641543671794105,-13.248349119659268,-12.84788612076705,-12.446717007293163,-12.049721286694412,-11.66040880740034,-11.281215836050436,-10.913759893086867,-10.559047152168544,-10.217635267778501,-9.88975815223181,-9.575419992384662,-9.274465224216932,-8.986630121928679,-8.711580529758972,-8.4489392516034,-8.198305774281748,-7.959270335903394,-7.731423839041927,-7.514364721045782,-7.307703603774971,-7.111066329398349,-6.924095829208463,-6.746453154457448,-6.577817911181965,-6.4178882767831835,-6.2663807287594615,-6.123029581027608,-5.987586397450908,-5.85981933312238,-5.739512439865858,-5.626464962018424,-5.5204906408896655,-5.421417040650837,-5.329084904269125,-5.243347545082234,-5.164070277421015,-5.09112988811877,-5.02441414963773,-4.9638213747774795,-4.909260012418467,-4.8606482834310025,-4.817913855696665,-4.780993557108069,-4.7498331254079424,-4.724386993777788,-4.70461811117613,-4.690497796544467,-4.682005626137597,-4.679129353387681,-1.2586969496975837,-1.4895697386324132,-1.0015155629828494,1.7607691836306867,1.2635813437196304,1.6349896988018346
-7.969496182174783,-7.971474137155727,-7.97740693724788,-7.987298542000252,-8.001155566155182,-8.01898730712153,-8.040805783707313,-8.066625786384915,-8.09646493944583,-8.130343775490022,-8.168285822788878,-8.210317706161344,-8.256469262111821,-8.30677366909708,-8.361267593919884,-8.419991355390907,-8.482989106560332,-8.550309036998932,-8.622003596808243,-8.698129744264588,-8.778749219255806,-8.863928844958012,-8.953740860527644,-9.04826328795869,-9.147580336683742,-9.251782849990228,-9.360968797890806,-9.47524382174276,-9.594721836671688,-9.71952569873882,-9.849787944822245,-9.98565161438885,-10.127271163749501,-10.27481348505746,-10.42845904428046,-10.588403154713122,-10.754857405377171,-10.928051266978752,-11.108233902075831,-11.295676210906107,-11.490673150126456,-11.693546368760872,-11.904647214249815,-12.12436017203255,-12.35310681507696,-12.59135035584942,-12.83960091323471,-13.098421631978184,-13.36843582378381,-13.65033533918864,-13.944890430314844,-14.252961430019148,-14.5755126574678,-14.913629070078983,-15.268536325721268,-15.641625108872832,-16.034480826424343,-16.44892011538916,-16.887036056770253,-17.35125459904617,-17.84440551659809,-18.36981233254879,-18.931407099102714,-19.5338778075296,-20.182858438828227,-20.88517383919037,-21.649152197682167,-22.485012317858256,-23.405307779079028,-24.425327024216934,-25.563094906020055,-26.83786249930385,-28.263715927976435,-29.82851430195374,-31.433828388125875,-32.77014764472581,-33.27604681264751,-32.631019417288144,-31.2181938177449,-29.583559442429998,-28.0072767923572,-26.57365971707869,-25.290126553395282,-24.141393833150087,-23.10813717232854,-22.172561863448813,-21.319651424655675,-20.537090845285185,-19.814851761166473,-19.14475186266867,-18.520075510989017,-17.935269046190147,-17.3857024229163,-16.867484288649088,-16.37731851921753,-15.91239244961084,-15.470289248774158,-15.04891872110088,-14.646462239030066,-14.261328581440607,-13.892118248560772,-13.537594414120974,-13.196659113342658,-12.868333591587556,-12.55174198287693,-12.246097671715203,-11.950691831461572,-11.664883739327045,-11.388092550274875,-11.119790275781495,-10.859495763074346,-10.606769509441218,-10.361209176990535,-10.122445697703792,-9.890139878170896,-9.663979429110526,-9.44367635747209,-9.228964669224814,-9.019598339353687,-8.815349512480672,-8.616006903212769,-8.421374370019656,-8.231269640349373,-8.045523167948087,-7.863977106077406,-7.686484382614989,-7.5129078649571905,-7.3431196042784554,-7.177000150091031,-7.014437927231574,-6.855328668411675,-6.6995748963354185,-6.547085450130737,-6.397775051482556,-6.2515639064092365,-6.108377339103225,-5.968145454673111,-5.830802827986352,-5.69628821612783,-5.564544292265197,-5.435517398954017,-5.3091573191275385,-5.185417063202698,-5.064252670898153,-4.945623026505328,-4.829489686481531,-4.71581671834799,-4.604570549976223,-4.495719828435877,-4.389235287656795,-4.285089624229029,-4.183257380728143,-4.083714836009618,-3.986439901967053,-3.891412026294352,-3.798612100832889,-3.7080223751214048,-3.61962637479941,-3.5334088245447037,-3.449355575252464,-3.367453535187672,-3.2876906048646286,-3.210055615427234,-3.134538270321783,-3.061129090070378,-2.9898193599681147,-2.9206010805406524,-2.8534669206113095,-2.788410172838069,-2.7254247115912387,-2.664504953052135,-2.6056458174216157,-2.5488426931355788,-2.494091402991701,-2.441388172098507,-2.3907295975642775,-2.342112619848889,-2.2955344957072255,-2.2509927726576957,-2.2084852649140934,-2.1680100307233214,-2.1295653510556076,-2.093149709597544,-2.058761774001954,-2.0264003783518123,-1.9960645067987448,-1.9677532783394336,-1.9414659326963237,-1.9172018172714869,-1.8949603751452146,-1.874741134093311,-1.8565436965994144,-1.840367730840958,-1.8262129626295067,-1.8140791682883914,-1.8039661684525838,-1.7958738227777125,-1.789802025547117,-1.7857507021677608,-1.7837198065476179,-1.7837093193491225,-1.7857192471149927,-1.7897496222646392,-1.7958005039611544,-1.8038719798506953,-1.8139641686779089,-1.8260772237828504,-1.8402113374867703,-1.8563667463759261,-1.874543737494567,-1.8947426554601638,-1.9169639105159384,-1.9412079875377866,-1.967475456014878,-1.995766981025284,-2.026083335230325,-2.058425411913676,-2.0927942390936884,-2.129190994739989,-2.16761702312808,-2.2080738523684964,-2.2505632131501443,-2.295087058740429,-2.341647586288344,-2.3902472594800632,-2.4408888326004847,-2.4935753760582133,-2.5483103034357244,-2.605097400131182,-2.66394085366334,-2.724845285716368,-2.78781578600714,-2.8528579480639533,-2.919977907012321,-2.989182379470824,-3.060478705668178,-3.133874893901183,-3.2093796674627972,-3.2870025141799935,-3.366753738712345,-3.4486445177745995,-3.5326869584602942,-3.6188941598582405,-3.70728027817015,-3.7978605955558358,-3.8906515929522127,-3.985671027134425,-4.082938012311651,-4.182473106577067,-4.284298403561207,-4.388437629671119,-4.494916247334261,-4.6037615647071455,-4.71500285235411,-4.828671467452358,-4.944800986136255,-5.063427344657062,-5.1845889901056275,-5.308327041524985,-5.434685462329538,-5.563711245048354,-5.695454609523399,-5.829969215822334,-5.967312393269988,-6.1075453871674155,-6.2507336249538925,-6.3969470037793545,-6.546260201696609,-6.6987530149587196,-6.854510724222884,-7.013624492824232,-7.17619180069934,-7.342316918018917,-7.512111423142674,-7.685694770150762,-7.863194911950137,-8.04474898582049,-8.230504069275103,-8.420618015295407,-8.615260377387406,-8.81461343654446,-9.018873344134823,-9.228251397025204,-9.442975463980423,-9.663291585637658,-9.889465774261536,-10.121786044189275,-10.360564709560814,-10.606140992831058,-10.85888399597938,-11.119196096646057,-11.387516844127017,-11.664327445878076,-11.950155954742218,-12.245583291590394,-12.551250268873144,-12.867865819586664,-13.196216685855763,-13.537178885069247,-13.891731353778216,-14.260972276507616,-14.646138746590115,-15.048630590572877,-15.470039432449138,-15.912184400667202,-16.377156319441873,-16.867372816985387,-17.385647580993048,-17.935278064689292,-18.5201573727955,-19.144917898040614,-19.815116501705138,-20.537473276201954,-21.320176864938183,-22.173264860608338,-23.109066075649835,-24.142618195279802,-25.29174931123009,-26.575837112460277,-28.010248481096,-29.58767881695512,-31.22387887740701,-32.63833086560026,-33.283751341647275,-32.77620887626214,-31.437631451376255,-29.830650215825173,-28.264837609005077,-26.83838977128538,-25.56326921698175,-24.42528667322631,-23.405134156562,-22.484754983145365,-21.648842341387375,-20.88483167754709,-20.182497408812097,-19.53350702858307,-18.931032864832183,-18.369439041701746,-17.844036269825583,-17.350891590741412,-16.886680837972953,-16.448573773643133,-16.034144110995754,-15.641298519319616,-15.268220175446459,-14.913323532534324,-14.575217800148074,-14.252677239750264,-13.944616832257369,-13.650072211254077,-13.368183007667941,-13.098178941675876,-12.839368141663282,-12.59112728003991,-12.352893200272941,-12.124155774949712,-11.904451785686616,-11.693359655704247,-11.49049489746245,-11.295506162819525,-11.108071803204025,-10.927896863369806,-10.75471044529185,-10.58826338930136,-10.428326228156646,-10.274687376793612,-10.127151526301567,-9.985538215468203,-9.849680557221967,-9.719424100622621,-9.594625811831541,-9.475153159830345,-9.360883294626742,-9.251702307354364,-9.147504563089178,-9.0481920984116,-8.953674076774714,-8.863866295622877,-8.778690739965642,-8.698075177767798,-8.62195279308401,-8.550261853359258,-8.482945407745085,-8.419951013656275,-8.361230489120603,-8.306739688762683,-8.256438301517179,-8.210289668391624,-8.168260618799136,-8.130321324159503,-8.096445167627108,-8.066608628947925,-8.040791183578373,-8.018975215317385,-8.001145941812101,-7.98729135239827,-7.977402157830111,-7.9714717515428735,-7.969496182174786,-0.8840694370005966,-1.700064112191742,-1.0353200038369328,0.5056944616738619,1.9057067526460758,0.9051614620283911
-6.738713702034622,-6.741069078180583,-6.748114788261567,-6.759858447629272,-6.776312779397565,-6.797495669905861,-6.823430247010867,-6.854144981878654,-6.889673815156696,-6.930056308625439,-6.97533782366412,-7.025569728119997,-7.080809633446971,-7.141121664283655,-7.2065767629770905,-7.277253031931378,-7.353236117077701,-7.434619636229709,-7.521505656614586,-7.614005226464636,-7.712238966226943,-7.8163377257124536,-7.926443314373568,-8.042709312887308,-8.16530197534654,-8.29440123264434,-8.430201809098058,-8.572914466023624,-8.722767387861289,-8.8800077285971,-9.044903338641655,-9.217744695038228,-9.39884706088256,-9.588552903134955,-9.787234601547647,-9.995297485117023,-10.213183236115412,-10.441373705032657,-10.680395182113912,-10.930823171714499,-11.193287712946685,-11.468479281732778,-11.757155291680439,-12.060147178235558,-12.378367992908297,-12.712820336944766,-13.064604302496718,-13.434924825294939,-13.825097423292451,-14.236550598794086,-14.670822051137618,-15.129544011895291,-15.614410032970818,-16.127110715607753,-16.669218032679154,-17.24198534422922,-17.84601053705915,-18.480680272976233,-19.14327334757563,-19.827558914785733,-20.521717151864102,-21.205540539917635,-21.847368403573213,-22.402359122224233,-22.815356152299138,-23.03191032450373,-23.01644891648374,-22.76773629173354,-22.319453367913866,-21.725390855060756,-21.04106606435731,-20.31212155644464,-19.571022218450192,-18.838601010871795,-18.127103018832347,-17.443023590743934,-16.78923581663372,-16.16643133809411,-15.574044355898764,-15.01082529845441,-14.475189003211028,-13.965421716275612,-13.479801065565674,-13.016662937413182,-12.574436252452125,-12.151658554765284,-11.746980331681717,-11.359162904711827,-10.987072838405556,-10.629674647444654,-10.28602286314223,-9.955254077273757,-9.636579308618193,-9.329276870985575,-9.032685820796132,-8.746200002570799,-8.469262676463323,-8.201361693484708,-7.942025175234067,-7.690817651921203,-7.447336612837087,-7.211209425696005,-6.982090584505976,-6.759659249253424,-6.543617044375514,-6.3336860865443745,-6.129607215599013,-5.931138405484977,-5.738053334785658,-5.55014009885889,-5.367200047745058,-5.18904673591161,-5.01550497156781,-4.846409954747611,-4.681606494641414,-4.520948297780404,-4.364297319660303,-4.211523173251947,-4.062502588599975,-3.917118918371443,-3.7752616847958587,-3.636826163946763,-3.5017130037623225,-3.369827872595896,-3.241081135434233,-3.1153875552267984,-2.992666017039827,-2.87283927298762,-2.755833706105048,-2.6415791115128533,-2.5300084933937477,-2.421057876445393,-2.3146661306079106,-2.2107748079811094,-2.1093279909511624,-2.0102721506400694,-1.913556014874799,-1.8191304449478811,-1.7269483205083056,-1.636964431981621,-1.549135379972335,-1.4634194811500203,-1.3797766801643931,-1.2981684671737068,-1.2185578006064683,-1.1409090348080835,-1.0651878522531284,-0.9913612000296748,-0.9193972303257725,-0.8492652446692729,-0.780935641691407,-0.7143798682019143,-0.6495703733791737,-0.586480565893033,-0.5250847737909493,-0.46535820698966324,-0.4072769222252901,-0.3508177903242631,-0.2959584656663345,-0.24267735771868415,-0.19095360452749385,-0.14076704805973775,-0.09209821129410566,-0.044928276965191076,0.000760932129792069,0.04498697134806883,0.08776679102417834,0.12911675197706524,0.16905263977604973,0.20758967783726,0.24474253941900267,0.2805253585818275,0.3149517401763098,0.3480347689191868,0.37978701761613876,0.4102205545872709,0.43934695034924454,0.4671772836059345,0.49372214659760766,0.5189916498565232,0.5429954264151783,0.5657426355113488,0.5872419658324195,0.6075016383395242,0.6265294087102404,0.6443325694367669,0.6609179516145804,0.6762919264547693,0.6904604065513292,0.7034288469327555,0.7152022459253962,0.7257851458539782,0.7351816336028106,0.7433953410590464,0.7504294454574423,0.7562866696438362,0.7609692822726793,0.7644790979515157,0.7668174773434684,0.7679853272364707,0.7679831005857602,0.7668107965340929,0.7644679604118453,0.7609536837170052,0.7562666040728132,0.7504049051587267,0.743366316608005,0.7351481138632412,0.7257471179788343,0.715159695357359,0.7033817574046098,0.6904087600859671,0.6762357033647931,0.6608571305013,0.6442671271884624,0.6264593204995567,0.607426877619821,0.5871625043328967,0.5656584432307724,0.5429064716140235,0.5188978990473202,0.4936235645332843,0.4670738332659636,0.43923859292332745,0.41010724945637855,0.37966872233063603,0.34791143917381917,0.3148233297817967,0.28039181943278346,0.24460382145798235,0.20744572901458427,0.1689034060051866,0.12896217708526478,0.08760681669806383,0.044821537073914015,0.0005899751281270731,-0.04510482181094593,-0.09228041151526532,-0.14095497368664622,-0.19114732818080804,-0.2428769547080266,-0.2961640140966955,-0.35102937121058087,-0.4074946196156012,-0.4655821080973261,-0.5253149691363672,-0.5867171494554168,-0.6498134427588944,-0.714629524793985,-0.78119199087074,-0.849528395988369,-0.9196672977255664,-0.991638302064264,-1.0654721123292972,-1.1412005814404278,-1.218856767689163,-1.2984749942699436,-1.3800909128146608,-1.4637415712004747,-1.549465485924614,-1.637302719365667,-1.7272949622797102,-1.8194856219117153,-1.913919916137747,-2.010644974093134,-2.109709943785257,-2.211166107238198,-2.315067003770558,-2.421468562067888,-2.53042924177838,-2.6420101854351543,-2.756275381592339,-2.873291840155611,-2.9931297809925517,-3.1158628370258006,-3.241568273143435,-3.370327222409537,-3.5022249412239903,-3.637351085268614,-3.775800008288127,-3.91767108599359,-4.063069067646201,-4.212104458185283,-4.364893934111435,-4.521560796729237,-4.68223546680182,-4.8470560251784045,-5.016168804536072,-5.189729038037912,-5.367901571464216,-5.550861646234369,-5.738795761721219,-5.931902626383067,-6.130394208522615,-6.334496898946998,-6.544452799473549,-6.760521153125721,-6.982979934018019,-7.212127617360418,-7.448285152738407,-7.691798166851615,-7.943039425207873,-8.202411585822842,-8.47035028166528,-8.747327572219044,-9.033855807767168,-9.330491952269034,-9.637842411068805,-9.956568406633155,-10.287391936659048,-10.631102330375166,-10.988563384565085,-11.360721001024725,-11.74861114626939,-12.153367787396661,-12.576230184958423,-13.018548479608668,-13.481785788771727,-13.967513860811048,-14.47739743668118,-15.013159385854316,-15.576513676358921,-16.169045140002435,-16.792002032881935,-17.44594712526407,-18.130182850349467,-18.841825441272057,-19.57436138844911,-20.315516421995703,-21.04441407795397,-21.72853197956875,-22.322166930106427,-22.769766408795466,-23.017570264879854,-23.03201272719962,-22.814490346102314,-22.40070616814306,-21.84516180626426,-21.20299784943334,-20.519007542767326,-19.82479970549367,-19.140539598500585,-18.478016830188345,-17.843442160971318,-17.239524033484585,-16.666867942904947,-16.1248713341139,-15.612278180927493,-15.127515087557208,-14.668890791332581,-14.23471153776,-13.823345162494752,-13.433254185746843,-13.063010404470322,-12.711298635231266,-12.37691428529379,-12.05875759826964,-11.755826292665667,-11.467207616242929,-11.192070410523149,-10.9296575163393,-10.679278690392568,-10.440304105600422,-10.212158450518224,-9.994315610256416,-9.786293893681513,-9.587651763369532,-9.397984022060871,-9.216918409916257,-9.044112569239674,-8.87925133661601,-8.72204432605942,-8.572223770457033,-8.429542592135626,-8.293772676677268,-8.164703327120122,-8.042139878390216,-7.9259024542271606,-7.815824851008824,-7.7117535347703035,-7.613546739375745,-7.5210736552625495,-7.434213699459647,-7.352855858706329,-7.276898098485882,-7.2062468316554975,-7.140816441117492,-7.080528851649235,-7.02531314660351,-6.975105225717168,-6.929847500733119,-6.889488625957993,-6.853983261250422,-6.823291865271191,-6.797380517130272,-6.776220764842664,-6.759789499259133,-6.748068852373202,-6.741046119125549,-6.738713702034626,-1.3403749605498334,-1.2618128677193798,-1.5682737575163015,1.053710945879602,1.585885558751357,1.0942470720145192
-18.51041211090186,-18.513600050007938,-18.523185594249536,-18.539185602222254,-18.561628305181795,-18.590553488619236,-18.626012749888428,-18.668069835324875,-18.71680106140858,-18.772295825739654,-18.83465721494487,-18.904002718149464,-18.98046505637239,-19.064193140181438,-19.155353170234864,-19.25412989800636,-19.36072806712393,-19.475374059452044,-19.598317774434822,-19.729834775449973,-19.870228743188147,-20.01983428360674,-20.17902014710353,-20.348192926579966,-20.527801315472914,-20.71834102319712,-20.920360465470754,-21.134467371578257,-21.361336480854195,-21.601718537891863,-21.856450841806684,-22.12646966120993,-22.41282489547059,-22.716697446458536,-23.039419864850213,-23.382500951179157,-23.747655120096574,-24.1368374639934,-24.55228554805649,-24.996568963914957,-25.472647416595642,-25.983937313659702,-26.534384831144994,-27.128538925376652,-27.771607963197262,-28.469462653421893,-29.228503132515087,-30.055212245326864,-30.955013057277306,-31.92962386795303,-32.97128285731188,-34.05096610829101,-35.09744815768812,-35.971802704000915,-36.471617673998246,-36.42520189122223,-35.832598028169976,-34.86552700893162,-33.72635069737051,-32.553922154323104,-31.419404785851658,-30.351774627397276,-29.35875444069842,-28.43859129216643,-27.58582944840893,-26.793954139724832,-26.056533460000892,-25.367664802114447,-24.72210763024985,-24.115280471664274,-23.543204238996104,-23.002429183444836,-22.48996179832112,-22.003198200153065,-21.53986601096031,-21.097974771999425,-20.675774113874432,-20.271718655665126,-19.884438600887172,-19.512715094041646,-19.155459529193312,-18.811696130283224,-18.480547238960533,-18.161220845581852,-17.85299998261681,-17.555233668595026,-17.267329147028374,-16.988745210541286,-16.718986437632932,-16.4575981996937,-16.204162320447388,-15.958293289984567,-15.71963495187703,-15.487857595229409,-15.262655394500761,-15.043744148973481,-14.830859281222423,-14.623754060137877,-14.422198019215283,-14.225975545132563,-14.03488461524379,-13.848735665650374,-13.667350574066662,-13.490561743858256,-13.318211277464512,-13.150150228975843,-12.986237926966947,-12.826341359824742,-12.670334616786253,-12.518098378741044,-12.369519453576853,-12.2244903514728,-12.08290889608692,-11.94467786805562,-11.809704677632862,-11.677901063654495,-11.549182816326027,-11.423469521606226,-11.300684325199528,-11.180753714381943,-11.063607316071769,-10.9491777097211,-10.837400253749891,-10.72821292437352,-10.621556165789265,-10.517372750789258,-10.415607650957917,-10.316207915692958,-10.21912255936136,-10.124302455966045,-10.031700240757132,-9.941270218273372,-9.852968276345836,-9.766751805637949,-9.682579624333433,-9.60041190761769,-9.520210121628558,-9.44193696158013,-9.365556293787998,-9.291033101346823,-9.21833343323142,-9.1474243566109,-9.078273912182095,-9.01085107234337,-8.945125702043752,-8.88106852215445,-8.818651075221178,-8.757845693465667,-8.69862546891402,-8.640964225537926,-8.584836493302014,-8.530217484017836,-8.477083068910812,-8.425409757812174,-8.375174679893092,-8.326355565862576,-8.278930731555004,-8.232879062836865,-8.188180001765605,-8.144813533936635,-8.102760176957277,-8.062000969988937,-8.022517464301092,-7.984291714782733,-7.947306272358732,-7.911544177260492,-7.876988953101557,-7.843624601710503,-7.811435598674708,-7.780406889549773,-7.750523886690667,-7.721772466661624,-7.694138968182976,-7.667610190574098,-7.642173392652534,-7.617816292050509,-7.59452706491084,-7.572294345925259,-7.551107228679191,-7.530955266267938,-7.511828472150224,-7.493717321206219,-7.476612750967973,-7.460506162991606,-7.445389424341458,-7.431254869157787,-7.418095300280757,-7.405903990904692,-7.394674686238019,-7.384401605145605,-7.3750794417515895,-7.366703366982438,-7.359269030031258,-7.352772559726123,-7.347210565786719,-7.342580139955209,-7.338878856988959,-7.336104775504446,-7.334256438663404,-7.333332874694028,-7.333333597241802,-7.334258605546386,-7.336108384442718,-7.338883904186333,-7.3425866201047185,-7.347218472078286,-7.352781883856388,-7.359279762215561,-7.366715495968869,-7.3750929548371325,-7.384416488194302,-7.394690923701118,-7.405921565842725,-7.418114194387494,-7.431275062786028,-7.4454108965305466,-7.460528891496673,-7.476636712290774,-7.493742490627538,-7.5118548237637395,-7.5309827730154835,-7.551135862387353,-7.572324077343165,-7.594557863749152,-7.617848127021441,-7.642206231510872,-7.667644000159114,-7.694173714461151,-7.721808114770093,-7.750560400981339,-7.78044423363398,-7.811473735468346,-7.843663493479597,-7.877028561508141,-7.911584463408748,-7.947347196841328,-7.984333237727279,-8.022559545416684,-8.062043568612665,-8.10280325210077,-8.144857044332458,-8.188223905913587,-8.232923319050244,-8.278975298006426,-8.326400400629923,-8.375219741005097,-8.425455003293864,-8.477128456828797,-8.530262972525435,-8.584882040684292,-8.64100979025668,-8.698671009652761,-8.757891169174687,-8.818696445162843,-8.881113745948722,-8.945170739714179,-9.010895884363638,-9.078318459523322,-9.14746860078987,-9.218377336359962,-9.291076626182646,-9.365599403787115,-9.4419796209514,-9.520252295390481,-9.600453561657996,-9.682620725471807,-9.766792321692442,-9.85300817620349,-9.94130947196559,-10.031738819540585,-10.124340332409787,-10.219159707441008,-10.316244310892866,-10.415643270382395,-10.517407573284032,-10.621590172074402,-10.72824609718943,-10.837432578017925,-10.949209172720655,-11.063637907636041,-11.180783427114601,-11.300713154715087,-11.423497466797048,-11.549209879659506,-11.677927251504258,-11.809730000648507,-11.944702341576047,-12.08293254060316,-12.22451319314698,-12.369541524825083,-12.518119718889027,-12.670355272807994,-12.826361387176172,-12.986257390528337,-13.150169204119068,-13.318229851264007,-13.490580016467678,-13.667368660287025,-13.848753696720287,-14.034902740887658,-14.225993935909498,-14.422216869219483,-14.623773590111123,-14.830879742151325,-15.043765826258774,-15.262678612804345,-15.487882724126838,-15.719662412471438,-15.958323562672534,-16.20419595407116,-16.45763582236907,-16.719028769612297,-16.988793079560665,-17.267383506701904,-17.55529562056898,-17.85307080338854,-18.16130201914264,-18.480640496756514,-18.81180350043531,-19.155583397517468,-19.512858280224773,-19.88460445428873,-20.27191117675581,-20.675998109477494,-21.09823605554475,-21.540171663315093,-22.00355691289691,-22.49038433057848,-23.002928977131035,-23.543798258044816,-24.115990362451356,-24.722961349434627,-25.368698934923636,-26.057796573443888,-26.795511707884245,-27.587771189612944,-28.441042216011727,-29.361891525054432,-30.355851615005957,-31.42478698154582,-32.561127098857185,-33.73606635379475,-34.878510125139385,-35.849249599143434,-36.44476390308637,-36.49184850280226,-35.990220801831505,-35.11280642537476,-34.06325784169444,-32.98103230021261,-31.93741445413641,-30.961326744433734,-30.060410882655802,-29.23285036341774,-28.473149930284762,-27.77477545804858,-27.131290609375434,-26.536798965700132,-25.98607369115851,-25.474552379519277,-24.99827891908115,-24.553829458321328,-24.138238638953826,-23.748932520619945,-23.383670152428053,-23.040493776275603,-22.71768685659941,-22.41373888887964,-22.12731594092475,-21.857235981257137,-21.602448179523655,-21.362015494107453,-21.135099979564774,-20.92095034732737,-20.718891397375817,-20.528315007970335,-20.34867242717752,-20.17946765599426,-20.02025175026108,-19.870617898912883,-19.730197160790222,-19.598654762333723,-19.47568687490049,-19.36101780388975,-19.254397532919953,-19.155599575419245,-19.064419093543542,-18.980671250615437,-18.904189768520247,-18.834825665892417,-18.772446156631197,-18.716933691423595,-18.66818512762727,-18.62611101515942,-18.590634988019026,-18.56169325279559,-18.53923416703551,-18.52321790168801,-18.513616183069832,-18.51041211090186,-1.5471440809486123,-0.768325013459749,-1.8484426665120635,1.1037293714499523,1.3183529412137804,0.567919037949395
-0.9611593313698483,-0.9636117704277265,-0.9709662336966879,-0.9832299320274314,-1.0004149121137673,-1.0225381001070173,-1.0496213630228537,-1.0816915882882927,-1.1187807818767252,-1.1609261855788608,-1.2081704140576657,-1.2605616124343109,-1.318153635249415,-1.3810062477376615,-1.4491853504418084,-1.5227632282713897,-1.6018188251772971,-1.6864380456605277,-1.7767140843530262,-1.8727477848910004,-1.9746480292309807,-2.082532158418298,-2.1965264255806267,-2.316766481552454,-2.4433978929955997,-2.5765766921068916,-2.7164699559185994,-2.8632564116962285,-3.017127062883151,-3.178285827247475,-3.346950175107391,-3.5233517504172296,-3.7077369506458617,-3.9003674321799844,-4.101520495640486,-4.311489288938908,-4.5305827436794335,-4.759125130683137,-4.997455080353217,-5.245923859783723,-5.504892626205292,-5.774728279241124,-6.055797404152061,-6.348457623859195,-6.653045445075053,-6.969859376067196,-7.299136690221779,-7.6410216894861644,-7.9955226679253,-8.362453986590397,-8.74135878388696,-9.131406979893766,-9.531262666287128,-9.93891526580381,-10.351471017806189,-10.764907084880733,-11.173802321372648,-11.571079319834581,-11.947823405673459,-12.293282612607886,-12.595184461804685,-12.840501109726452,-13.016714725938606,-13.113459092649355,-13.124186356805437,-13.047359606177299,-12.886746093947233,-12.650699024511397,-12.350697315321655,-11.99963337229791,-11.610304297593617,-11.194359883372218,-10.761744437281916,-10.320534591928833,-9.877032766728037,-9.435991875518837,-9.000884156220598,-8.574163126655176,-8.157494188952528,-7.7519458373715056,-7.358142231997254,-6.976381841958128,-6.606728058340055,-6.249077504398498,-5.903211026007137,-5.568831447810627,-5.245591327367039,-4.933113207368576,-4.631004271444993,-4.338866841917497,-4.056305798420076,-3.7829337233902494,-3.518374374993231,-3.2622649342354744,-3.014257358243505,-2.7740190861808784,-2.5412332806313946,-2.3155987399082987,-2.09682958148487,-1.884654770477321,-1.6788175475401101,-1.4790747959460935,-1.2851963767504686,-1.0969644528350324,-0.9141728165980972,-0.7366262315728431,-0.5641397949347936,-0.39653832540598033,-0.23365577926237197,-0.07533469583847735,0.07857432702319407,0.22821312780247605,0.3737164471039507,0.5152123654388743,0.6528227141963044,0.7866634611320579,0.9168450717621117,1.0434728480614102,1.1666472458516015,1.2864641722226313,1.4030152642793698,1.5163881504418448,1.6266666954593032,1.7339312302276835,1.8382587674288742,1.9397232039400336,2.0383955108932432,2.134343912200351,2.227634052296023,2.318329153793164,2.4064901656901116,2.492175902717375,2.575443176363998,2.6563469180791692,2.7349402951035984,2.8112748193473127,2.885400449695668,2.9573656880931756,3.0272176697254896,3.095002247592972,3.1607640717446435,3.2245466634190496,3.2863924843182573,3.346343001222726,3.404438746138279,3.4607193721513774,3.5152237051555324,3.5679897915997523,3.6190549423993006,3.6684557731397383,3.7162282406971103,3.7624076763900156,3.807028815773472,3.850125825179261,3.8917323251035114,3.931881410538893,3.9706056683463578,4.007937191759639,4.043907592114625,4.078548007895297,4.111889111188145,4.143961111637517,4.174793757995654,4.20441633736266,4.2328576722136795,4.260146115312792,4.286309542615781,4.311375344266645,4.335370413795784,4.358321135630764,4.3802533710338505,4.401192442583562,4.421163117320672,4.440189588682044,4.458295457348673,4.475503711136833,4.491836704063733,4.507316134721115,4.521963024092002,4.535797692947092,4.548839738958176,4.561108013666316,4.572620599442426,4.583394786577019,4.593447050634736,4.602793030207186,4.61144750519512,4.6194243757476325,4.62673664198231,4.633396384605487,4.639414746546768,4.644801915715872,4.649567108983533,4.653718557481015,4.657263493305086,4.660208137707188,4.662557690836747,4.664316323099494,4.665487168182078,4.666072317784476,4.666072818091488,4.665488668004328,4.664318819142856,4.662561177618395,4.660212607566628,4.657268936419522,4.653724961884948,4.649574460592492,4.6448101983541505,4.639423941978998,4.633406472571883,4.6267476002373895,4.619436180102213,4.6114601295613316,4.602806446646295,4.593461229407487,4.583409696196273,4.572636206727755,4.561124283800334,4.548856635544263,4.535815178068251,4.52198105837052,4.507334677378753,4.491855712982135,4.475523142917841,4.458315267374302,4.440209731173756,4.421183545397737,4.401213108320178,4.380274225514789,4.35834212900526,4.335391495329433,4.311396462391048,4.286330644975745,4.260167148810852,4.232878583051693,4.204437071080351,4.174814259505863,4.1439813252580135,4.11190898066982,4.07856747644658,4.043926602421991,4.007955686004051,3.970623588215503,3.9318986972351198,3.8917489193473,3.8501416672081348,3.807043845336209,3.7624218327360683,3.7162414625610785,3.6684679987208058,3.619066109335449,3.5679998369367105,3.515232565310187,3.460726982869604,3.4044450424469312,3.346347917375663,3.2863959537361316,3.2245486186226784,3.1607644442816807,3.095000967957585,3.0272146672707567,2.9573608909358007,2.8853937846126634,2.811266211664147,2.7349296685734097,2.6563341947524006,2.5754282764478904,2.4921587444246605,2.406470665076095,2.318307224580398,2.227609605685629,2.134316856668949,2.0383657519743337,1.9396906439885484,1.8382233053675017,1.73389276127335,1.6266251108280354,1.5163433370301227,1.4029671043197358,1.2864125429111395,1.1665920189444017,1.0434138894375182,0.9167822409488946,0.7865966107897857,0.6527516895575649,0.515137003698139,0.37363657675217843,0.22812856790079536,0.07848488640924495,-0.07542921941880722,-0.23375560010605628,-0.3966436708958033,-0.5642509066843191,-0.7367433666847006,-0.9142962490481855,-1.0970944749966005,-1.2853333010734622,-1.479218956808883,-1.6789693032920527,-1.8848145056923695,-2.096997709447692,-2.3157757053556334,-2.5414195627717397,-2.7742152020153337,-3.014463866208785,-3.2624824381857795,-3.51860352853035,-3.7831752345383944,-4.056560434621775,-4.339135435295497,-4.631287724227429,-4.933412497303671,-5.245907512848367,-5.56916567227971,-5.903564520976041,-6.24945159011106,-6.6071241406260235,-6.976801403175673,-7.358586813035712,-7.752417006414737,-8.157993490998248,-8.574692005590032,-9.001443838606814,-9.436583202441405,-9.87765595786939,-10.321188926191304,-10.762427839942447,-11.195068425984193,-11.611031650044199,-12.000370301220478,-12.351431394610701,-12.65141478573826,-12.887425842048854,-13.047984993456057,-13.12474053063074,-13.113928914267971,-13.017092407844222,-12.840784789374649,-12.59537764713269,-12.293392838941903,-11.947860613940527,-11.571054384036694,-11.173725950919561,-10.764789141401202,-10.351320177780096,-9.938738925128398,-9.531066990885286,-9.13119703075732,-8.741138669957174,-8.362227018485788,-7.995291498824846,-7.640788437619226,-7.298903041967667,-6.969626670950482,-6.652814744898955,-6.348229768452828,-6.055573056082144,-5.774507959561138,-5.504676742995002,-5.245712730923213,-4.9972489517024306,-4.758924190605973,-4.530387134660988,-4.311299116890078,-4.10133583736071,-3.900188341350892,-3.7075634626510725,-3.5231838862224474,-3.3467879443865227,-3.1781292309028064,-3.016976095077382,-2.863111061490584,-2.71633020859251,-2.5764425302198,-2.4432692972396897,-2.3166434314356783,-2.1964088999718503,-2.0824201359804,-1.974541488762909,-1.8726467055958564,-1.7766184460461398,-1.6863478289289833,-1.601734011500196,-1.5226838001085672,-1.4491112912973576,-1.380937542203411,-1.3180902690326954,-1.2605035723735045,-1.2081176881285274,-1.1608787628939459,-1.1187386526800016,-1.0816547439465187,-1.0495897960150768,-1.0225118040133498,-1.0003938816042528,-0.9832141628517979,-0.9709557226755049,-0.9636065154454148,-0.9611593313698483,-1.2388759544044383,-1.3296133523200395,-0.1257179415696248,1.4231169153903986,1.950417911113804,1.380775951096319
-9.10211124336829,-9.10538969739255,-9.115219256312287,-9.13161708284853,-9.154611878834086,-9.184244037105147,-9.220565856104152,-9.263641819176604,-9.313548941132119,-9.370377185240155,-9.434229954443843,-9.505224661197323,-9.583493380955485,-9.669183594957827,-9.762459028527726,-9.863500591622893,-9.972507428771703,-10.089698085739878,-10.21531180018596,-10.349609923025147,-10.49287747600628,-10.64542484879202,-10.807589635154194,-10.979738602088602,-11.162269776757793,-11.3556146228071,-11.560240257776053,-11.776651634162548,-12.005393564006258,-12.247052404553395,-12.502257131759363,-12.771679396083435,-13.056031962188532,-13.356064652887094,-13.672556507183135,-14.006302263219755,-14.358090403931277,-14.728668735516761,-15.118691641529976,-15.528640556452151,-15.958705592505243,-16.40861144425662,-16.87736477263473,-17.362894121606814,-17.861549867053128,-18.367437607317967,-18.871587914525467,-19.36104260444836,-19.818092161628744,-20.22013690190257,-20.540876216097953,-20.753482409359478,-20.835704356055125,-20.775459900564766,-20.574369326717303,-20.247259503170923,-19.81792952899202,-19.313466928063864,-18.759514505879352,-18.177584830880924,-17.584242581410358,-16.991441685740718,-16.407354506848094,-15.837280076975272,-15.284440093050726,-14.750605988870424,-14.236564093657485,-13.74244824298212,-13.267972025488303,-12.812588286179007,-12.37559725674375,-11.956218978584223,-11.55364115729332,-11.16705022924711,-10.79565101942869,-10.43867868743348,-10.095405494077205,-9.765144119927752,-9.447248717638285,-9.141114503486191,-8.846176435528845,-8.56190734887157,-8.287815797142466,-8.023443765938387,-7.768364366833258,-7.522179581375955,-7.28451809776459,-7.055033264725122,-6.833401174897727,-6.619318881911745,-6.4125027500409075,-6.212686931992001,-6.019621968379136,-5.833073501344095,-5.652821094303933,-5.4786571497318945,-5.310385917063822,-5.147822583169632,-4.99079243826992,-4.839130110665344,-4.692678864149162,-4.551289952471875,-4.414822025707423,-4.283140583825662,-4.156117473201412,-4.0336304221844745,-3.915562612217411,-3.8018022813193375,-3.6922423570560374,-3.586780116391146,-3.4853168700617765,-3.3877576693473364,-3.294011033303701,-3.203988694719116,-3.117605363214281,-3.034778504059497,-2.9554281314174164,-2.879476614842653,-2.8068484979808206,-2.7374703285098807,-2.671270498458136,-2.6081790941158034,-2.5481277548323082,-2.4910495400599983,-2.436878804067144,-2.3855510778000912,-2.337002957426442,-2.2911719991386943,-2.247996619841566,-2.207416003386233,-2.1693700120517647,-2.1337991030080614,-2.100644249526045,-2.06984686673001,-2.0413487417139304,-2.0150919678686177,-1.9910188832896838,-1.9690720131579815,-1.9491940160040497,-1.931327633786788,-1.9154156457337026,-1.9014008259060702,-1.8892259044670114,-1.878833532643973,-1.870166251389431,-1.8631664637547682,-1.8577764110022745,-1.8539381524889835,-1.8515935493637659,-1.8506842521254188,-1.8511516920946203,-1.852937076856624,-1.8559813897338877,-1.8602253933490733,-1.8656096373386208,-1.8720744702751482,-1.8795600558537304,-1.8880063933922073,-1.897353342689065,-1.9075406532742758,-1.9185079980786346,-1.9301950115354074,-1.9425413321149476,-1.9554866492776593,-1.96897075481421,-1.982933598523283,-1.9973153481573132,-2.012056453545089,-2.027097714777268,-2.042380354316645,-2.0578460928697386,-2.073437228830111,-2.0890967210767326,-2.1047682748835803,-2.120396430668576,-2.1359266552827734,-2.151305435513117,-2.1664803734457387,-2.1814002833109694,-2.1960152894072333,-2.2102769246782534,-2.2241382294977887,-2.237553850197875,-2.2504801368614733,-2.2628752398880954,-2.2746992048323262,-2.2859140650099365,-2.296483931365186,-2.306375079095673,-2.315556030538435,-2.3239976338322195,-2.331673136887112,-2.338558256212694,-2.344631240180657,-2.3498729263265643,-2.3542667923281533,-2.3577990003340727,-2.3604584343567083,-2.362236730485736,-2.3631282997244005,-2.3631303432981157,-2.3622428603342156,-2.3604686478620254,-2.357813293133227,-2.354285158313402,-2.3498953576459436,-2.3446577272388067,-2.3385887876719402,-2.3317076996690527,-2.3240362131197894,-2.31559860977866,-2.3064216400031783,-2.2965344539266392,-2.285968527489585,-2.2747575837787273,-2.262937510142273,-2.250546271566616,-2.23762382081077,-2.22421200580215,-2.210354474800103,-2.196096579832519,-2.1814852789055665,-2.1665690374779913,-2.1513977296790863,-2.136022539734303,-2.120495864044318,-2.104871214343111,-2.089203122337893,-2.0735470462096144,-2.057959279327201,-2.0424968615020584,-2.02721749308207,-2.012179452156771,-1.9974415151177294,-1.983062880790614,-1.9691030983286353,-1.9556219990307842,-1.9426796322229185,-1.9303362053157849,-1.9186520281309585,-1.9076874615643433,-1.8975028706368584,-1.8881585819634812,-1.8797148456551627,-1.8722318016530815,-1.8657694504812872,-1.8603876283922798,-1.85614598687014,-1.8531039764475827,-1.851320834786864,-1.8508555789695085,-1.8517670019364774,-1.8541136730187244,-1.8579539424976452,-1.8633459501362144,-1.8703476376239592,-1.8790167648829263,-1.8894109301868809,-1.9015875940523412,-1.9156041068677578,-1.9315177402358863,-1.9493857220144026,-1.9692652750509914,-1.9912136596214336,-2.0152882195926445,-2.041546432347474,-2.070045962523772,-2.100844719637713,-2.1340009196796936,-2.169573150791318,-2.2076204431534467,-2.2482023432384817,-2.2913789926051535,-2.3372112114409176,-2.3857605870862635,-2.437089567806667,-2.4912615621120424,-2.548341043960391,-2.6083936642226058,-2.671486368829025,-2.737687524065955,-2.8070670495424155,-2.8796965594042634,-2.9556495124352273,-3.0350013717527586,-3.1178297748819057,-3.204214715073119,-3.2942387348211444,-3.387987132642749,-3.4855481842822558,-3.5870133796363857,-3.692477676826144,-3.802039774993271,-3.9158024075654714,-4.033872657918468,-4.15636229956671,-4.283388163239774,-4.415072533450246,-4.551543577433463,-4.692935809641551,-4.839390595305634,-4.991056696942881,-5.148090868078981,-5.310658498882459,-5.478934318862581,-5.6531031622635,-5.833360802285519,-6.019914860767789,-6.212985800454173,-6.412808007404771,-6.619630971463202,-6.833720572875732,-7.0553604830837315,-7.284853687230932,-7.522524134835598,-7.768718523075715,-8.023808213796002,-8.288191280054436,-8.56229466990073,-8.846576462850171,-9.14152817635025,-9.44767705278674,-9.76558821839571,-10.095866548250502,-10.439157988125487,-10.796149962582128,-11.167570321623883,-11.554184020146085,-11.956786347744806,-12.376190976718176,-12.813210294565792,-13.268624322124719,-13.743132835373633,-14.237282906046234,-14.751360716229856,-15.285231972814376,-15.838109540153951,-16.40822065717616,-16.992341544349813,-17.585170035577722,-18.178529261577815,-18.760459181890536,-19.31438749984572,-19.818793356137213,-20.24802696979068,-20.574998285276976,-20.775913283513372,-20.835958785209957,-20.753533899423743,-20.54074001008835,-20.219841892610813,-19.817673176914525,-19.360533869949204,-18.871019175345896,-18.36683270133429,-17.86092685754338,-17.362266151461792,-16.87674110424934,-16.40799842108029,-15.958107428114177,-15.528059942016068,-15.118130196417397,-14.728127334129212,-14.357569409504258,-14.005801693608408,-13.672076151718715,-13.355604154357767,-13.05559087408719,-12.771257222360223,-12.501853354213548,-12.246666501498098,-12.005025022775566,-11.776299959279932,-11.559904976073199,-11.355295286408097,-11.161965964579558,-10.97944992032037,-10.807315717046006,-10.645165353986828,-10.49263208958251,-10.34937835436786,-10.215093781769898,-10.089493371882606,-9.972315794397064,-9.863321831062118,-9.762292954376294,-9.669030036999658,-9.58335218516125,-9.505095688800582,-9.434113081096418,-9.370272300246548,-9.313455946762042,-9.2635606300539,-9.220496398670178,-9.184186249154653,-9.15456570912151,-9.131582490762982,-9.11519621161953,-9.105378180042733,-9.10211124336829,-1.7795922076833433,-0.9186011816195123,-1.918149763178909,1.796506723284704,1.3762415471428449,1.07395994216999
-28.394959113271362,-28.398137821874492,-28.40736362625738,-28.422653342147278,-28.444034935624877,-28.471547703933744,-28.505242531375806,-28.545182223833365,-28.59144192660564,-28.64410963150812,-28.703286780590325,-28.76908897542027,-28.84164680270824,-28.921106789154067,-29.007632500868343,-29.10140580562121,-29.202628319615673,-29.31152306459267,-29.428336366012225,-29.553340029021882,-29.686833836175328,-29.829148419731183,-29.980648572265128,-30.141737072817865,-30.31285912259191,-30.494507505243572,-30.68722861334116,-30.891629516243214,-31.108386287739073,-31.338253867342587,-31.582077801332854,-31.840808304306442,-32.11551720729209,-32.40741852592998,-32.71789360839884,-33.04852213175962,-33.40112064263667,-33.777790936687765,-34.180981421607875,-34.6135658347049,-35.07894548354678,-35.58118385912755,-36.12518654493057,-36.71694565976668,-37.36387806439222,-38.075302708784115,-38.86312911082176,-39.74287349306706,-40.7351937825393,-41.868255495928324,-43.18140488334321,-44.73065890370174,-46.59512732279852,-48.87213755985421,-51.57216835175659,-53.95823975033315,-53.70704188972543,-51.0780134394648,-48.307030547254016,-45.97379929226428,-44.042134026445595,-42.415114033592936,-41.01651091401861,-39.79255814142954,-38.705426766760276,-37.72795699250522,-36.8401657138002,-36.02699804913039,-35.27686565246661,-34.58067654878826,-33.93117600521629,-33.32248833584935,-32.74979147397452,-32.20908123843243,-31.696997477869534,-31.21069374080814,-30.747738114899196,-30.306036755896866,-29.883774184036213,-29.479366143520625,-29.091421995196228,-28.71871442824898,-28.360154851939015,-28.01477323960666,-27.681701495001736,-27.360159629283626,-27.04944419885149,-26.74891857536792,-26.45800471102037,-26.176176132053072,-25.90295194749193,-25.637891701817153,-25.380590933058723,-25.13067732356828,-24.887807351167588,-24.651663364697324,-24.4219510210998,-24.198397031759956,-23.980747174431546,-23.768764534098747,-23.562227941887222,-23.36093058588988,-23.1646787717076,-22.973290813778092,-22.7865960412994,-22.604433904846047,-22.426653171704892,-22.253111199586684,-22.08367327975013,-21.918212041749634,-21.756606913019574,-21.598743627365376,-21.444513777167277,-21.293814404736267,-21.146547628808076,-21.002620302634206,-20.861943700539566,-20.72443323017297,-20.59000816798815,-20.458591415764715,-20.33010927621682,-20.204491245946087,-20.08166982417924,-19.961580335893004,-19.844160768071546,-19.72935161796866,-19.617095752358583,-19.507338276859294,-19.400026414500427,-19.295109392786863,-19.19253833857949,-19.092266180177475,-18.99424755604272,-18.89843872965756,-18.804797510052197,-18.713283177578976,-18.623856414547262,-18.53647924036582,-18.45111495086932,-18.367728061532635,-18.28628425430078,-18.206750327784803,-18.129094150593495,-18.053284617589412,-17.979291608873922,-17.90708595132119,-17.836639382494678,-17.76792451679221,-17.700914813677116,-17.63558454786328,-17.57190878133158,-17.50986333706384,-17.44942477438846,-17.39057036583918,-17.333278075435217,-17.2775265382972,-17.22329504151896,-17.17056350622058,-17.119312470712856,-17.069523074707845,-17.021177044514236,-16.974256679160167,-16.928744837389583,-16.884624925481496,-16.84188088584464,-16.800497186342646,-16.760458810307743,-16.721751247203148,-16.684360483896867,-16.64827299651154,-16.61347574281708,-16.579956155134663,-16.54770213372247,-16.516702040615105,-16.486944693890237,-16.458419362337537,-16.43111576050622,-16.40502404410902,-16.38013480576144,-16.356439071036554,-16.333928294816538,-16.31259435792344,-16.292429564012483,-16.27342663671239,-16.255578716998134,-16.238879360782352,-16.223322536712693,-16.20890262416318,-16.195614411408467,-16.18345309397084,-16.172414273130396,-16.162493954589884,-16.15368854728622,-16.145994862341585,-16.13941011214782,-16.1339319095783,-16.129558267322512,-16.126287597339136,-16.124118710424035,-16.123050815890515,-16.123083521359654,-16.12421683265942,-16.126451153831816,-16.129787287248163,-16.134226433833092,-16.1397701933988,-16.146420565091592,-16.154179947953516,-16.163051141602637,-16.17303734703618,-16.184142167561426,-16.196369609860156,-16.209724085192878,-16.22421041075016,-16.239833811158864,-16.256599920152038,-16.274514782411888,-16.29358485559613,-16.31381701255887,-16.335218543777888,-16.35779716000117,-16.38156099512653,-16.406518609328803,-16.432678992450334,-16.460051567671425,-16.488646195478317,-16.51847317794751,-16.549543263366335,-16.581867651210857,-16.615457997503405,-16.65032642057348,-16.68648550724703,-16.723948319490663,-16.762728401538844,-16.802839787533863,-16.844297009710083,-16.887115107155793,-16.931309635188114,-16.976896675378438,-17.02389284626821,-17.0723153148174,-17.122181808630373,-17.17351062900713,-17.22632066487048,-17.28063140762337,-17.336462966993864,-17.393836087929266,-17.452772168604973,-17.513293279618022,-17.57542218444039,-17.639182361212086,-17.704598025960028,-17.77169415733478,-17.840496522964084,-17.91103170752937,-17.983327142679617,-18.057411138905543,-18.133312919506864,-18.211062656795598,-18.290691510690074,-18.372231669866764,-18.45571639565073,-18.541180068840884,-18.628658239682473,-18.718187681217845,-18.809806446266478,-18.903553928307527,-18.999470926562655,-19.097599715603973,-19.19798411984198,-19.300669593281498,-19.405703304970594,-19.513134230608326,-19.623013250822765,-19.735393256681533,-19.85032926305361,-19.967878530504613,-20.088100696478417,-20.21105791659737,-20.33681501700249,-20.46543965875529,-20.597002515435495,-20.731577465196516,-20.869241798684484,-21.01007644438953,-21.154166213183384,-21.30160006400753,-21.4524713929163,-21.606878347952865,-21.764924172649923,-21.926717581306168,-22.092373169603583,-22.26201186460692,-22.43576141873809,-22.613756952956475,-22.796141555118055,-22.983066940350994,-23.174694181295404,-23.37119451724022,-23.572750252582626,-23.779555756680296,-23.991818579113172,-24.209760696685635,-24.43361991125995,-24.66365142081807,-24.900129590124575,-25.143349952165327,-25.39363147736313,-25.651319154673775,-25.91678693736761,-26.190441117017677,-26.472724202485924,-26.764119397227226,-27.065155788942743,-27.37641439173769,-27.69853521411126,-28.032225568536774,-28.378269893078357,-28.737541426553506,-29.11101617189346,-29.499789705567103,-29.90509755553913,-30.32834009246086,-30.771113182213945,-31.235246267251505,-31.72285013125482,-32.236377435129626,-32.778700313681306,-33.35321108203272,-33.963954723857526,-34.61580581705603,-35.31470872389162,-36.06800963533647,-36.88492483644679,-37.77721558326952,-38.760183622457994,-39.85417493939857,-41.08689988885705,-42.4970492124989,-44.139766239878085,-46.09341036657224,-48.45725057344994,-51.26178744189558,-53.86300593000132,-53.940041913248955,-51.46256706765093,-48.76204221792473,-46.500676029425875,-44.650869079594145,-43.113299442671654,-41.80928891300432,-40.68345334078637,-39.69694714169019,-38.821964555877244,-38.038102554562236,-37.33002713858296,-36.68596116337365,-36.09668355930677,-35.55485111320441,-35.05452803584951,-34.590852483680514,-34.159795402654936,-33.75798294207855,-33.38256350974834,-33.03110674785192,-32.70152571523005,-32.39201619883593,-32.10100884606672,-31.827131016918955,-31.56917609239016,-31.32607856530806,-31.09689366093825,-30.8807805394342,-30.676988355336047,-30.484844614589882,-30.30374539325553,-30.133147075573564,-29.972559340397993,-29.82153917990056,-29.679685777050764,-29.546636101685095,-29.422061111216962,-29.305662462850854,-29.19716966078218,-29.09633757521872,-29.002944280856255,-28.916789171223698,-28.837691312497657,-28.765488006299208,-28.70003353587971,-28.64119807417787,-28.588866735645123,-28.542938756616767,-28.5033267914541,-28.469956313778937,-28.44276511393417,-28.421702885386956,-28.40673089419024,-28.397821726872927,-28.394959113271362,-1.5397674848326797,-1.3341820744305926,-1.839578578256395,0.7228413554853633,0.5422582700790541,0.6369146155412178
-15.081656232627621,-15.084648059004465,-15.093590385937965,-15.108498929380696,-15.12939996641814,-15.156330488207763,-15.189338416614056,-15.228482887183485,-15.273834601946154,-15.325476256443263,-15.383503046380032,-15.448023260414752,-15.51915896684029,-15.597046803323693,-15.681838880475818,-15.773703811864488,-15.872827885208329,-15.979416391946675,-16.093695135238455,-16.215912139773,-16.346339590666542,-16.48527603327086,-16.633048871053017,-16.790017204949933,-16.956575064908538,-17.133155092847698,-17.32023274618357,-17.5183311024818,-17.72802635882176,-17.949954134037334,-18.184816697854096,-18.433391267352764,-18.696539526645537,-18.975218537268873,-19.27049320929068,-19.583550487059004,-19.91571535222882,-20.268468630976187,-20.64346636093299,-21.04256003635948,-21.467816248505066,-21.92153278963342,-22.40624568876425,-22.924716986231346,-23.47988469322361,-24.07474137227755,-24.71208088952482,-25.394005237350523,-26.121001222814535,-26.890264662557716,-27.692771036586127,-28.508470837803905,-29.299362308075374,-30.002218080603853,-30.52788058844572,-30.779563771835218,-30.69417001081763,-30.27967731693687,-29.60998595515364,-28.78307475987895,-27.88341904463683,-26.968592921787096,-26.072238471471934,-25.211614144256103,-24.39412431079041,-23.621690285199595,-22.8933711861082,-22.206849663123744,-21.559245208191765,-20.94754555889452,-20.368825824573985,-19.820351304998784,-19.299617562507258,-18.804357458154453,-18.33253155900269,-17.88231091324134,-17.45205705769118,-17.04030181699633,-16.645728170840396,-16.267152757133616,-15.903510194666419,-15.55383920696074,-15.217270429891022,-14.893015743485712,-14.580358957134125,-14.278647682387858,-13.987286240274896,-13.705729465860282,-13.433477289156004,-13.170069987095285,-12.915084015535623,-12.66812834291988,-12.42884121829807,-12.196887315990509,-11.971955207401589,-11.753755117531743,-11.542016929739988,-11.336488407425778,-11.136933605656157,-10.943131449476207,-10.75487445880488,-10.571967602518939,-10.394227266635214,-10.221480323476564,-10.053563290400376,-9.890321568122713,-9.7316087499229,-9.577285994092408,-9.427221452923904,-9.281289752343486,-9.139371516988605,-9.001352936142531,-8.867125366465508,-8.736584967924873,-8.609632369729926,-8.486172363431049,-8.366113620652753,-8.249368433202854,-8.135852473540146,-8.025484573794582,-7.918186521721122,-7.813882872133876,-7.712500772513965,-7.613969801614891,-7.518221820004851,-7.425190831588921,-7.334812855245665,-7.247025805795269,-7.16176938358946,-7.078984972079455,-6.998615542777045,-6.9206055670769135,-6.844900934455804,-6.7714488766068825,-6.700197897106231,-6.631097706242999,-6.564099160676024,-6.499154207608024,-6.436215833193827,-6.375238014922177,-6.316175677731463,-6.258984653638392,-6.20362164467576,-6.150044188950653,-6.098210629648472,-6.048080086820445,-5.999612431803893,-5.952768264134452,-5.907508890818809,-5.863796307844751,-5.82159318381274,-5.780862845579944,-5.7415692658136495,-5.703677052356298,-5.667151439309234,-5.631958279746434,-5.598064039973365,-5.565435795249318,-5.534041226894728,-5.5038486207073225,-5.474826866613495,-5.446945459483029,-5.4201745010372395,-5.394484702781968,-5.369847389898212,-5.346234506024366,-5.3236186188648835,-5.301972926561218,-5.281271264761504,-5.261488114326207,-5.242598609607575,-5.224578547241304,-5.207404395389352,-5.191053303373535,-5.17550311163993,-5.160732361994878,-5.146720308053964,-5.133446925846084,-5.120892924515501,-5.109039757065665,-5.097869631089598,-5.087365519432638,-5.077511170734609,-5.068291119799769,-5.059690697744332,-5.051696041873004,-5.044294105237505,-5.037472665832194,-5.031220335383601,-5.025526567693031,-5.020381666493485,-5.015776792784726,-5.011703971612654,-5.008156098261939,-5.005126943833527,-5.002611160181598,-5.000604284187377,-4.999102741350391,-4.998103848680831,-4.997605816879811,-4.997607751797711,-4.998109655163874,-4.9991124245844585,-5.00061785280836,-5.00262862626463,-5.005148322877952,-5.008181409172201,-5.0117332366751715,-5.015810037640929,-5.020418920109194,-5.0255678623243725,-5.031265706539707,-5.037522152234899,-5.044347748778347,-5.051753887567822,-5.059752793685731,-5.0683575171078346,-5.077581923506198,-5.08744068468957,-5.097949268726194,-5.1091239297959445,-5.120981697820479,-5.1335403679215785,-5.146818489759266,-5.160835356802778,-5.1756109955884755,-5.191166155019955,-5.207522295766569,-5.224701579817484,-5.242726860249116,-5.2616216712646,-5.281410218564522,-5.302117370108787,-5.323768647330121,-5.346390216860169,-5.370008882829808,-5.394652079805846,-5.4203478664268605,-5.4471249198016904,-5.475012530734808,-5.504040599843614,-5.534239634633832,-5.565640747600103,-5.5982756554203945,-5.63217667931419,-5.667376746636225,-5.7039093937795275,-5.74180877046382,-5.781109645487799,-5.821847414026989,-5.864058106562028,-5.907778399526106,-5.953045627764508,-5.999897798904064,-6.048373609735551,-6.09851246471823,-6.150354496722264,-6.2039405901322775,-6.259312406443652,-6.3165124124921865,-6.375583911468192,-6.436571076877159,-6.49951898962191,-6.564473678394796,-6.631482163584051,-6.700592504915253,-6.771853853067697,-6.845316505526366,-6.92103196695302,-6.999053014385591,-7.0794337676031995,-7.162229765025448,-7.247498045549328,-7.335297236765587,-7.425687650039254,-7.518731382986491,-7.614492429933062,-7.713036800998526,-7.814432650516237,-7.918750415572735,-8.026062965532217,-8.136445763504076,-8.249977040814457,-8.366737985659006,-8.4868129472441,-8.610289656870984,-8.737259467582705,-8.867817614181018,-9.002063495632397,-9.140100982122478,-9.282038749290951,-9.42799064248979,-9.578076074260949,-9.732420458634362,-9.891155686308904,-10.05442064530927,-10.222361792320118,-10.395133780599469,-10.572900151180866,-10.755834095006813,-10.944119294716204,-11.137950856061252,-11.337536340385242,-11.54309691128756,-11.754868610579683,-11.973103780945923,-12.198072655425973,-12.43006513700417,-12.669392795306493,-12.916391111768604,-13.171422009760477,-13.434876712165176,-13.707178975956522,-13.988788761558258,-14.280206404358221,-14.581977366837378,-14.894697662454908,-15.219020056696785,-15.555661166326582,-15.9054095942635,-16.269135253341776,-16.647800044936982,-17.04247006338801,-17.4543294858908,-17.884696265226292,-18.335039643213598,-18.80699930041564,-19.302405572045966,-19.823299449556806,-20.371949800599726,-20.950862927790347,-21.562775441701355,-22.210613989357107,-22.897392032524415,-23.625989940065793,-24.398722107476203,-25.21652091411655,-26.077446093494046,-26.974055534936042,-27.889021632523804,-28.78858757558936,-29.61501799805829,-30.283678140585423,-30.696561022893256,-30.780003116296704,-30.526459753108313,-29.99938042744695,-29.295647719805427,-28.50432665436056,-27.688499154149063,-26.886044360123158,-26.116928777898263,-25.390126433128536,-24.708412616022866,-24.071284733078578,-23.47663261157809,-22.921658508726047,-22.4033683722151,-21.918823992587097,-21.465263801846252,-21.040152564509178,-20.641193408603357,-20.26632068394114,-19.91368380257223,-19.581627571571147,-19.268671937134926,-18.97349261579494,-18.694903290041328,-18.431839610421502,-18.183345015836615,-17.94855826864018,-17.7267025502073,-17.517075946778956,-17.31904315799813,-17.132028272237882,-16.955508468313894,-16.78900851960102,-16.63209599243608,-16.484377045269415,-16.345492748047235,-16.215115852725486,-16.09294795571649,-15.97871700159149,-15.872175084664516,-15.773096511324452,-15.681276091311101,-15.596527630680814,-15.518682603095428,-15.44758897939619,-15.3831101982799,-15.325124263350897,-15.273522953945175,-15.228211138962882,-15.189106184551077,-15.156137447886813,-15.129245850555812,-15.108383526132311,-15.093513537565693,-15.084609660891598,-15.081656232627623,-1.8053298727096518,-1.6743895814204743,-1.9149522567731583,1.259326750659413,0.7378517968191919,1.2732579641808466
-29.142159447599944,-29.14838652905051,-29.167081116927136,-29.198318145037362,-29.24222357872017,-29.29897608662494,-29.368809445110955,-29.45201574280788,-29.548949477422077,-29.660032665834485,-29.785761123482395,-29.92671211194612,-30.08355360716277,-30.25705550815916,-30.448103192126986,-30.657713932032546,-30.88705683573504,-31.13747715141344,-31.410526027074496,-31.70799713048637,-32.03197195355072,-32.38487617016599,-32.769550118947535,-33.1893373624225,-33.648196313636156,-34.15084098244578,-34.70291752312635,-35.311222189936174,-35.98396015858599,-36.73102465673276,-37.56421889273524,-38.49718791470971,-39.54440773459881,-40.71744894728091,-42.01378357265092,-43.38676254654228,-44.67866514960518,-45.53965547289677,-45.54373293574092,-44.63486184254346,-43.20252252762782,-41.63437037316358,-40.122425860203606,-38.729124111110316,-37.46260042960444,-36.31281782394882,-35.265391261098515,-34.3063154953325,-33.42332962003425,-32.606102854904506,-31.846044648969233,-31.136027677001522,-30.470121822794077,-29.843367160287137,-29.25158898758713,-28.69124997683261,-28.15933277080274,-27.65324678287574,-27.170753982919116,-26.70990951264067,-26.269013890176968,-25.846574301013444,-25.441273046733674,-25.05194166386333,-24.67753956121292,-24.31713628016795,-23.96989667775269,-23.635068481901964,-23.311971783459914,-22.99999011841065,-22.698562863031675,-22.407178718757642,-22.125370106081984,-21.85270832046502,-21.58879932996956,-21.33328011573465,-21.085815473590415,-20.84609520900625,-20.613831668841577,-20.388757562567253,-20.17062403316494,-19.959198944117528,-19.754265354034242,-19.555620154712624,-19.363072851989312,-19.176444471700247,-18.995566575564858,-18.820280373909092,-18.650435923919137,-18.485891403624393,-18.32651245309098,-18.17217157540169,-18.022747590936085,-17.878125139269034,-17.73819422369917,-17.6028497940173,-17.471991363642516,-17.345522657703633,-17.223351289034262,-17.10538845939125,-16.9915486835041,-16.88174953382419,-16.775911404072083,-16.673957289882768,-16.575812585026917,-16.48140489184331,-16.390663844656977,-16.303520945081175,-16.219909408211254,-16.139764018816408,-16.06302099672277,-15.989617870659616,-15.919493359910577,-15.852587263174813,-15.788840354099971,-15.728194282999915,-15.670591484316619,-15.615975089427657,-15.564288844438902,-15.515477032636827,-15.469484401306632,-15.426256092651471,-15.385737578574739,-15.34787459911205,-15.31261310432207,-15.279899199466511,-15.249679093328883,-15.221899049539907,-15.196505340794122,-15.173444205858228,-15.152661809286275,-15.134104203770786,-15.117717295071882,-15.103446809478703,-15.091238263769002,-15.081036937643592,-15.0727878486226,-15.066435729400034,-15.061925007662344,-15.059199788384852,-15.058203838627993,-15.058880574862513,-15.06117305285944,-15.065023960186677,-15.070375611359594,-15.077169945697694,-15.085348527943502,-15.094852551703182,-15.10562284577096,-15.117599883401162,-15.130723794592559,-15.14493438144967,-15.16017113668467,-15.176373265321581,-15.193479709661215,-15.211429177561353,-15.230160174081036,-15.249611036531512,-15.269719972968495,-15.290425104151375,-15.31166450898464,-15.33337627344531,-15.355498542987142,-15.377969578398186,-15.40072781507304,-15.423711925644279,-15.446860885899984,-15.470114043895368,-15.493411192146723,-15.516692642775267,-15.539899305447122,-15.562972767933754,-15.585855379094804,-15.608490334062836,-15.630821761386942,-15.652794811869997,-15.67435574881241,-15.695452039354409,-15.716032446588628,-15.736047122096181,-15.755447698542005,-15.77418738195,-15.792221043264973,-15.809505308797476,-15.825998649139128,-15.84166146613035,-15.856456177459716,-15.870347298474655,-15.883301520786944,-15.895287787263573,-15.906277363004211,-15.916243901920486,-15.925163508549849,-15.933014794757641,-15.939778931005058,-15.945439691888012,-15.94998349568175,-15.953399437659021,-15.955679316984366,-15.95681765702424,-15.956811718951268,-15.955661508560796,-15.95336977625863,-15.94994201022015,-15.945386422761803,-15.939713930007128,-15.932938124969024,-15.92507524420869,-15.916144128268822,-15.906166176113326,-15.895165293838808,-15.88316783795296,-15.870202553542171,-15.856300507674852,-15.841495018407786,-15.825821579780301,-15.8093177831951,-15.792023235595178,-15.773979474853437,-15.755229882795245,-15.735819596274759,-15.71579541672304,-15.695205718580386,-15.674100357016743,-15.652530575333166,-15.630548912423734,-15.608209110662138,-15.58556602455965,-15.562675530522672,-15.539594438017781,-15.516380402431327,-15.493091839888734,-15.469787844276526,-15.44652810668744,-15.423372837486657,-15.400382691174734,-15.37761869420095,-15.355142175859433,-15.33301470237979,-15.311298014304057,-15.29005396722325,-15.269344475928674,-15.249231462016844,-15.229776804971277,-15.211042296730298,-15.193089599737169,-15.175980208457123,-15.159775414335662,-15.144536274163451,-15.130323581805234,-15.117197843243835,-15.105219254884812,-15.094447685063198,-15.084942658690705,-15.076763344979673,-15.069968548179194,-15.064616701258567,-15.060765862474435,-15.058473714759426,-15.057797567872807,-15.058794363257038,-15.061520681548066,-15.066032752692154,-15.072386468627222,-15.080637398493009,-15.090840806340838,-15.103051671321165,-15.117324710334913,-15.133714403143014,-15.152275019937633,-15.173060651388134,-15.196125241185136,-15.221522621116772,-15.249306548722876,-15.27953074758507,-15.312248950323657,-15.347514944386202,-15.385382620727368,-15.425906025495344,-15.469139414857123,-15.515137313112943,-15.563954574269712,-15.615646447264124,-15.670268645049015,-15.72787741778094,-15.788529630373665,-15.852282844711512,-15.91919540684809,-15.989326539550799,-16.062736440589877,-16.139486387212333,-16.219638847288188,-16.303257597666864,-16.39040785033911,-16.4811563870624,-16.575571703178205,-16.673724161427728,-16.77568615666005,-16.881532292424904,-16.991339570551812,-17.105187594941274,-17.223158790932867,-17.34533864177233,-17.471815943877846,-17.60268308280737,-17.73803633205845,-17.877976177092833,-18.022607667276613,-18.17204079876759,-18.326390931772572,-18.485779246047077,-18.650333239027788,-18.820187271586644,-18.99548316708847,-19.176370870239268,-19.36300917314947,-19.555566517131744,-19.75422188003526,-19.95916576042565,-20.170601271696675,-20.388745361300042,-20.613830172774268,-20.846104571222032,-21.085835856435754,-21.333311692129744,-21.588842284868356,-21.85276285248587,-22.125436429333142,-22.407257064886082,-22.698653483528357,-23.000093287210916,-23.31208779988426,-23.635197673989985,-23.970039406052017,-24.317292942049946,-24.677710595798466,-25.052127557654664,-25.441474340061188,-25.846791595419056,-26.269247856864915,-26.710160902128987,-27.171023636011054,-27.65353564302643,-28.159641897854286,-28.691580561881104,-29.25194236833729,-29.843744835472506,-30.470525462773516,-31.136459124861236,-31.846505901140265,-32.60659599996387,-33.423856693837436,-34.306878168884715,-35.265990190323656,-36.313451303009366,-37.46326157704662,-38.729794905659425,-40.1230644144674,-41.634884610924345,-43.20272390647985,-44.63443105945325,-45.542371873376865,-45.53751503153562,-44.6763106208769,-43.3846004892812,-42.01192971459939,-40.715885115553846,-39.54308392545956,-38.49605626631837,-37.5632408869216,-36.73017073469082,-35.9832078301649,-35.31055424160037,-34.702320628998216,-34.15030468993119,-33.64771231469124,-33.188898969765035,-32.76915188662178,-32.384513615648494,-32.03164135174161,-31.707695359102278,-31.410250449222723,-31.137225525387922,-30.8868272449839,-30.65750473025082,-30.447912959820243,-30.256883018002945,-30.083397796178467,-29.926572059014042,-29.785636031076393,-29.65992184512929,-29.548852336123375,-29.451931775203704,-29.368738223956314,-29.298917256558536,-29.24217685097945,-29.198283293291972,-29.16705797409335,-29.14837498498487,-29.142159447599937,-0.427382855742678,-1.6430518287824916,-0.3268418935968955,1.9118662472120929,0.6088613351189498,0.5272726164340606
-5.420253093187953,-5.4231236772919145,-5.431732698372099,-5.446091964738998,-5.466221209979367,-5.492148178426159,-5.523908745634639,-5.561547074705382,-5.605115809535838,-5.654676306322315,-5.71029890487194,-5.7720632415161965,-5.840058605638932,-5.914384342035552,-5.995150301495342,-6.082477342131068,-6.176497884048011,-6.277356519919336,-6.385210683876133,-6.5002313807729095,-6.622603977277356,-6.752529055251991,-6.890223326402701,-7.035920604969077,-7.189872832055293,-7.352351140679076,-7.523646944241697,-7.7040730221934055,-7.8939645642173515,-8.09368011693922,-8.303602353126898,-8.524138549984144,-8.755720616855669,-8.998804448417065,-9.253868290206643,-9.521409679398374,-9.801940351461587,-10.09597826410971,-10.404035558213064,-10.726600816983463,-11.064113355326448,-11.416926415984591,-11.785255006661934,-12.169102628583737,-12.5681593094993,-12.981661268876474,-13.408200589112806,-13.84547238464541,-14.289949135053332,-14.736480781062651,-15.17784089497521,-15.604281606660109,-16.003228830107318,-16.359337465831562,-16.65519396182118,-16.872913786811473,-16.996628711519552,-17.015385367785186,-16.9255139300012,-16.731486225331004,-16.44486955971425,-16.081853676131203,-15.66035693261216,-15.197617717657167,-14.708695215786033,-14.205846986484756,-13.698523418582482,-13.193695530519706,-12.696305610457902,-12.209717439669443,-11.736108957749053,-11.276790108408697,-10.83244865480539,-10.403334754083595,-9.989396804496257,-9.590380017144945,-9.20589716616562,-8.835478900334373,-8.478609196062452,-8.134750084862656,-7.803358678303663,-7.483898684233572,-7.175847998615139,-6.878703513850826,-6.591983963681195,-6.315231393436035,-6.04801167789434,-5.789914389173445,-5.540552230812336,-5.299560192095295,-5.06659453190205,-4.841331669105783,-4.6234670332842045,-4.412713912757848,-4.208802324921936,-4.011477925197567,-3.820500964756457,-3.635645302793808,-3.4566974760436384,-3.283455826093312,-3.115729683598297,-2.95333860753518,-2.796111677021849,-2.643886832877682,-2.496510265919749,-2.3538358489393216,-2.2157246093376135,-2.082044239491794,-1.9526686420515074,-1.827477507517539,-1.7063559216174364,-1.5891940001601923,-1.4758865492186768,-1.3663327486505148,-1.2604358571237748,-1.1581029369611942,-1.0592445972556117,-0.9637747538388137,-0.8716104048067818,-0.7826714204160456,-0.6968803462691459,-0.6141622188025262,-0.5344443921775843,-0.45765637575647344,-0.38372968141795893,-0.3125976800366887,-0.24419546651147456,-0.17845973278533267,-0.11532864835244586,-0.0547417477952975,0.003360175060720368,0.059035166747414956,0.11234020784369617,0.163331301056395,0.2120635539617116,0.25859125664851457,0.3029679544784024,0.3452465161533055,0.38547919725954016,0.42371769943699755,0.4600132253038505,0.4944165292505773,0.5269779642018584,0.5577475244314599,0.5867748845028873,0.6141094343978851,0.6398003108851866,0.6638964251738191,0.6864464868880715,0.7074990243954695,0.7271024015143951,0.7453048306244863,0.7621543822005634,0.7776989907894939,0.7919864574493882,0.8050644486713278,0.8169804918059458,0.8277819670202067,0.8375160958139783,0.8462299261311119,0.8539703141059134,0.8607839024932374,0.8667170958383147,0.8718160324516798,0.876126553264318,0.8796941676488081,0.882564016303738,0.8847808313105564,0.8863888934847032,0.887431987155915,0.8879533525259103,0.8879956357653478,0.8876008370256884,0.8868102565552003,0.8856644391219941,0.8842031169600222,0.8824651514668304,0.8804884738937908,0.8783100252809324,0.8759656958986564,0.8734902644679522,0.870917337438446,0.8682792886102446,0.8656071993903032,0.8629307999772646,0.8602784117701199,0.8576768912953974,0.8551515759450958,0.8527262318128941,0.8504230039094562,0.8482623690287958,0.8462630915265896,0.8444421822584125,0.8428148609105968,0.8413945219394838,0.8401927043159299,0.8392190652512955,0.8384813580590801,0.8379854142828373,0.8377351301963334,0.8377324577562768,0.8379774000616349,0.838468011346632,0.839200401507505,0.8401687451359006,0.8413652950050697,0.8427803999284902,0.8444025268851142,0.8462182872805843,0.8482124671903883,0.8503680614087438,0.8526663111063343,0.8550867448813806,0.8576072229710879,0.8602039843758179,0.8628516966349387,0.8655235079825123,0.8681911016019668,0.8708247516922696,0.8733933810533967,0.8758646198963831,0.8782048655825779,0.8803793429982525,0.8823521652736744,0.8840863945608166,0.8855441025902613,0.8866864307356859,0.8874736493236393,0.887865215936457,0.8878198324675222,0.8872955007001242,0.8862495761938748,0.8846388202758162,0.8824194499469218,0.8795471855283206,0.8759772958853352,0.871664641081087,0.8665637123247041,0.8606286690923433,0.8538133733117164,0.8460714205129087,0.8373561678596247,0.827620758985732,0.8168181455717459,0.8049011056050184,0.7918222582755166,0.7775340754661718,0.7619888898031251,0.745138899236224,0.726936168124463,0.7073326248039871,0.6862800556184551,0.6637300953923951,0.6396342143281077,0.6139437013053862,0.5866096435609023,0.5575829027206304,0.5268140871540283,0.4942535206127425,0.4598512071097196,0.4235567919861866,0.3853195191045482,0.3450881840943497,0.30281108356633357,0.25843596019594833,0.21190994356259746,0.16317948661434278,0.1121902976092795,0.058887267364902976,0.0032143916245728236,-0.05488531167365123,-0.11546989046697391,-0.17859855224630852,-0.2443317636442126,-0.31273135626722115,-0.38386063914475127,-0.45778451820710603,-0.534569623249138,-0.6142844428843061,-0.69699946804614,-0.7827873446513277,-0.8717230361008216,-0.9638839963632881,-1.0593503544591867,-1.1582051112441576,-1.260534349478095,-1.3664274582614229,-1.4759773730232304,-1.5892808323577257,-1.7064386531259634,-1.8275560253693413,-1.952742828720166,-2.082113972141671,-2.2157897589854225,-2.3538962795158804,-2.4965658332179825,-2.6439373833708495,-2.7961570465331906,-2.9533786197372085,-3.1157641483161265,-3.283484537382077,-3.456720210004832,-3.6356618150890836,-3.820510987769917,-4.011481164788538,-4.208798456699492,-4.412702577795025,-4.623447833174184,-4.841304160242999,-5.066558218847799,-5.299514519859034,-5.5404965758450935,-5.7898480488275155,-6.04793385805174,-6.315141193945173,-6.591880361164399,-6.878585341352384,-7.175713921446892,-7.4837471712408306,-7.803187967615766,-8.134558143009848,-8.478393669137883,-8.835237055668802,-9.205625822788832,-9.590075463184606,-9.989054699709685,-10.402950016106507,-10.832015328737853,-11.276301221558125,-11.735556365551691,-12.209091676332465,-12.695595770634572,-13.192889228892014,-13.697606905198683,-14.20480553793567,-14.707513970346756,-15.19628315587614,-15.658859176068315,-16.080189607168254,-16.44304637460086,-16.729524448037086,-16.92344841882062,-17.0132629915464,-16.994502540573492,-16.870835384746442,-16.653206420788173,-16.357471319259695,-16.001501380807174,-15.602698785070945,-15.176400260704568,-14.735174551856181,-14.28876665729733,-13.84440189004901,-13.407230315179063,-12.980780100096116,-12.567357093642034,-12.168370289719581,-11.784584540239088,-11.41631082148401,-11.063546540593494,-10.726077494084457,-10.40355114166509,-10.095528776877638,-9.801522340938611,-9.52102014381566,-9.253504614993668,-8.99846435160321,-8.755402102451946,-8.52383986828202,-8.303321966923841,-8.093416672806084,-7.89371686803567,-7.703840018300406,-7.523427697620404,-7.352144821718795,-7.18967870348358,-7.035738010620606,-6.890051681544983,-6.752367838233276,-6.622452722300273,-6.500089671628966,-6.385078148502829,-6.277232825663507,-6.176382733537464,-6.082370469671945,-5.995051469925393,-5.91429333997435,-5.839975245085014,-5.771987355748792,-5.710230346621405,-5.6546149461787785,-5.605061534570339,-5.561499787281694,-5.523868362393484,-5.492114629426451,-5.466194437983773,-5.446071924633454,-5.431719356710928,-5.423117011962114,-5.420253093187952,-1.9258902235032624,-0.12167034690942402,-1.4752587132792183,1.649116362389477,1.654990705003304,1.1784371707798202
0.5808038227745478,0.5788007420380107,0.5727820499026771,0.5627435565365825,0.548678260367066,0.5305763217768044,0.5084250260361121,0.4822087352290441,0.4519088288574623,0.41750363273014923,0.37896833566303334,0.3362748934303747,0.28939191931460895,0.2382845605030928,0.18291435947248458,0.12323909938430025,0.05921263238685501,-0.009215310421758443,-0.08209932877046092,-0.15949858430385253,-0.24147705474517112,-0.3281038131071856,-0.41945333415972536,-0.515605830624877,-0.6166476218632687,-0.7226715381420439,-0.833777363940489,-0.9500723241579485,-1.0716716175457106,-1.1986990021946937,-1.3312874384801932,-1.4695797954988437,-1.6137296277362734,-1.7639020294814445,-1.9202745753578678,-2.0830383562724624,-2.2523991210860266,-2.4285785353722495,-2.611815569733644,-2.8023680312428647,-3.0005142526131348,-3.206554954571933,-3.4208152974624513,-3.643647138092574,-3.8754315069367773,-4.116581318441666,-4.367544322598474,-4.628806297944459,-4.900894472979127,-5.184381142000286,-5.479887408646413,-5.788086940070663,-6.109709537783276,-6.445544214354781,-6.7964412880218985,-7.163312738835247,-7.547129663187203,-7.948915046496343,-8.36972913721608,-8.810643284081968,-9.272695946684426,-9.756821350390043,-10.263736438899908,-10.793764772089824,-11.346566250504907,-11.920729012750277,-12.513166529414052,-13.11825610198758,-13.726673899113601,-14.323967527962036,-14.88912843575904,-15.39384647756141,-15.803666318593015,-16.082429494739884,-16.200247715729553,-16.142491414430914,-15.914941200463755,-15.541686286201827,-15.057210967110986,-14.497470554760417,-13.893778249514666,-13.270335814632777,-12.644313654069544,-12.027092154783048,-11.425741615684013,-10.844317798487271,-10.284855405558462,-9.748078021647,-9.23388490998079,-8.741676229520781,-8.270566393681275,-7.81952195348104,-7.387449324826331,-6.973249505606023,-6.575851219328671,-6.194230051689686,-5.827418564077151,-5.47451065895887,-5.134662345054018,-4.807090307708486,-4.491069200577708,-4.185928251985989,-3.891047566334107,-3.6058543603751,-3.3298192815718144,-3.062452894947336,-2.8033023851755763,-2.5519484950579585,-2.3080027052861487,-2.071104650356769,-1.8409197595788718,-1.617137108888675,-1.399467467712704,-1.1876415247659156,-0.9814082770112498,-0.7805335667592777,-0.584798752864121,-0.39399950305281456,-0.2079446955320597,-0.026455419099174465,0.1506359379848827,0.3234865191402114,0.49224375852329705,0.6570460750764445,0.8180235079212976,0.9752982987848313,1.128985426552103,1.2791930985075135,1.42602320235043,1.5695717226459034,1.709929124992058,1.8471807108475775,1.9814069456614534,2.112683762678264,2.241082844552953,2.3666718846952635,2.4895148300735404,2.6096721070372553,2.727200831565724,2.842155005214684,2.954585697910635,3.0645412186343357,3.1720672749371337,3.2772071221467143,3.380001703040098,3.480489778691735,3.5787080511409126,3.67469127846607,3.768472382802206,3.860082551791547,3.949551333916021,4.036906728122471,4.122175268117795,4.205382101680387,4.286551065306707,4.3657047544866066,4.442864589878335,4.518050879633585,4.591282878104117,4.662578841144612,4.731956078210809,4.799431001438047,4.86501917187233,4.928735343014424,4.990593501826772,5.0506069073431314,5.108788127011982,5.165149070896376,5.2197010238453965,5.2724546757453865,5.323420149952625,5.3726070300031905,5.4200243846902065,5.465680791593478,5.509584359141768,5.55174274728345,5.5921631868371025,5.630852497589512,5.6678171052050335,5.703063057006511,5.736596036684684,5.768421377989829,5.798544077456231,5.826968806207179,5.853699920885376,5.878741473750776,5.902097221985423,5.923770636241974,5.943764908470356,5.962082959054343,5.978727443287518,5.993700757215561,6.007005042869686,6.018642192913454,6.028613854723136,6.03692143391936,6.0435660973655905,6.048548775646739,6.051870165038963,6.0535307289794735,6.053530699043039,6.051870075429492,6.048548626964524,6.0435658906137775,6.036921170507943,6.028613536474561,6.0186418220698235,6.007004622101566,5.993700289632418,5.978726932449748,5.962082408986982,5.943764323678373,5.923770021727258,5.90209658326539,5.8787408168786754,5.853699252472266,5.82696813344562,5.798543408145662,5.768420720563717,5.736595400239384,5.703062451331938,5.667816540817105,5.630851985764416,5.592162739647412,5.551742377636115,5.509584080818009,5.465680619290641,5.420024334065556,5.372607117719753,5.323420393727102,5.2724550943981505,5.21970163735266,5.165149900444598,5.108789195054539,5.050608237659362,4.990595119583428,4.928737274829663,4.865021445882279,4.7994336473661185,4.7319591274397785,4.662582326791684,4.591286835099036,4.518055344799965,4.442869602018397,4.365710354469449,4.286557296160364,4.205389008687835,4.1221828989172025,4.036915132811919,3.949560565162999,3.8600926649475458,3.7684834360227457,3.6747033328366046,3.5787211708089623,3.480504031005796,3.380017158695807,3.2772238553408872,3.172085363530273,3.064560744322323,2.9546067464064594,2.842177666440915,2.727225199858871,2.609698281364887,2.4895429142654644,2.366701987689945,2.241115080660713,2.1127182518627277,1.9814438138410355,1.8472200902190221,1.7099711543780294,1.5696165478691717,1.426070976637184,1.2792439829228623,1.129039590470964,0.9753559204018685,0.8180847748040476,0.6571111847660274,0.4923129191878714,0.3235599502867443,0.15071387123549165,-0.026372739159315896,-0.20785701042751703,-0.3939065394026614,-0.5847002212692074,-0.7804291605812452,-0.9812976710315147,-1.1875243737116805,-1.3993434046356645,-1.6170057433809606,-1.8407806758094256,-2.07095740491022,-2.3078468247856403,-2.5517834735528044,-2.803127681275303,-3.062267928685486,-3.3296234309867594,-3.605646957802228,-3.8908278944154207,-4.185695539422415,-4.490822617678644,-4.80682896183916,-5.134385276150354,-5.474216835385077,-5.827106879259665,-6.193899322200257,-6.575500185449803,-6.97287683595472,-7.38705362743263,-7.819101796956987,-8.270120343989507,-8.741202910677263,-9.233383101265096,-9.747546810179209,-10.284294422219496,-10.843727577853118,-11.425124136947847,-12.0264516380802,-12.643657695996671,-13.269676923622018,-13.893135733078104,-14.496872426087338,-15.056694987116433,-15.541298522914971,-15.9147301920743,-16.14249744363648,-16.200490455250296,-16.082900722585503,-15.804332666130554,-15.394660362675081,-14.890040441871832,-14.32493482889938,-13.727663586085082,-13.119244984372706,-12.514139361467965,-11.921676423256402,-11.347482949120085,-10.794648184268421,-10.264585736716356,-9.75763679206899,-9.27347843813081,-8.811394093197695,-8.370449710744925,-7.949606894630858,-7.547794288517825,-7.163951594096226,-6.797055752398519,-6.44613558164346,-6.1102790120192,-5.788635635764294,-5.480416353770291,-5.184891282524466,-4.9013866781842585,-4.62928136602453,-4.368002986250494,-4.117024250260983,-3.875859324515696,-3.6440604087708826,-3.4212145427108496,-3.2069406540096024,-3.0008868476728408,-2.80272792850368,-2.612163143945103,-2.428914132194569,-2.2527230595712586,-2.083350931110241,-1.9205760589081136,-1.764192673614652,-1.6140096655002556,-1.469849442629262,-1.3315468947702191,-1.1989484527379182,-1.0719112338648442,-0.9503022652304809,-0.8339977771314827,-0.7228825600529053,-0.6168493791046612,-0.5157984405208643,-0.4196369053895268,-0.32827844629031905,-0.24164284297504227,-0.15965561363431066,-0.08224767865946675,-0.009355054135713484,0.05908142740485511,0.12311637117937071,0.18280005127348692,0.2381786204464394,0.28929430019433844,0.3361855524726566,0.37888723432348814,0.4174307365125704,0.4518441071526292,0.48215216117261206,0.5083765763845165,0.5305359768004274,0.5486460037598897,0.5627193753418309,0.5727659344538439,0.5787926859149954,0.5808038227745469,-1.123605209207413,-0.06817266352765161,-1.3750296999557894,0.9010240985847345,1.950796995116792,1.5200600139942506
-13.463659281745795,-13.4656477710831,-13.471558101760312,-13.481396604956466,-13.49517384549828,-13.51290466401969,-13.534608236441814,-13.560308151275384,-13.590032505403025,-13.623814019163873,-13.661690171740446,-13.703703358039629,-13.749901068470187,-13.800336093251296,-13.855066753144428,-13.914157158789557,-13.977677501151415,-14.045704375948604,-14.118321145356045,-14.19561834074763,-14.277694110792316,-14.36465471984552,-14.456615102303997,-14.55369947943407,-14.656042046162552,-14.763787736463259,-14.877093077311356,-14.996127142753043,-15.12107262149625,-15.25212701362909,-15.389503974688605,-15.533434828424419,-15.684170273341778,-15.841982312607817,-16.007166442340665,-16.180044139897348,-16.36096570181866,-16.55031349094075,-16.748505664312606,-16.956000468571034,-17.173301208107063,-17.40096201474102,-17.639594577066372,-17.889876024927677,-18.152558212074624,-18.428478701126917,-18.718573833990686,-19.023894373797113,-19.345624339559894,-19.685103833538253,-20.043856899755387,-20.423625772733544,-20.82641330996018,-21.25453599465374,-21.71069071006626,-22.198039610506484,-22.720318965976837,-23.28197998657874,-23.888372498380434,-24.54598601607522,-25.26276690804039,-26.04853327374586,-26.915504865489343,-27.878934747684546,-28.957712370316358,-30.174413858768258,-31.552988432989846,-33.108109663091895,-34.80762364051243,-36.46331380027743,-37.54896136493321,-37.39936458703037,-36.100128736645374,-34.348754005175486,-32.60532747353763,-31.01853953235683,-29.607424265064665,-28.354161456841815,-27.23463174636994,-26.22682500900973,-25.312498772963036,-24.476958871648876,-23.708431094604308,-22.997442946355946,-22.33631407117337,-21.718759764208965,-21.139588434870706,-20.59447165221568,-20.07976878328354,-19.592392365771435,-19.12970389610836,-18.689432442691178,-18.269610511929393,-17.868523062711958,-17.48466662793248,-17.116716272640375,-16.763498680148775,-16.423970069459376,-16.097197951831497,-15.782345961090048,-15.478661162523652,-15.185463374076004,-14.902136131815226,-14.628119007201265,-14.362901042152409,-14.106015113508935,-13.857033074285539,-13.615561547384218,-13.381238269922122,-13.153728904309611,-12.932724246674905,-12.717937774926366,-12.509103488249218,-12.305973997598976,-12.108318833127829,-11.915922939735385,-11.728585336287702,-11.546117917667413,-11.36834438183998,-11.1950992666534,-11.026227083219762,-10.861581534525481,-10.701024809440927,-10.544426943595202,-10.391665239685853,-10.24262374073759,-10.097192750633937,-9.955268396942209,-9.81675223165308,-9.681550865975439,-9.549575635777567,-9.420742294657217,-9.29497073196394,-9.172184713394849,-9.0523116420456,-8.93528233802659,-8.82103083495543,-8.709494191813377,-8.600612318809553,-8.494327816034456,-8.39058582380671,-8.28933388372501,-8.190521809533907,-8.094101566997367,-8.000027162050966,-7.908254536571456,-7.818741471163834,-7.731447494420576,-7.646333798156904,-7.563363158170107,-7.482499860110491,-7.403709630087532,-7.326959569666883,-7.252218094943225,-7.179454879400149,-7.10864080029239,-7.0397478883071605,-6.9727492802812225,-6.907619174768098,-6.84433279026612,-6.782866325932964,-6.723196924625698,-6.665302638117819,-6.609162394356154,-6.554755966630575,-6.502063944539319,-6.451067706641117,-6.401749394693441,-6.354091889383607,-6.308078787466034,-6.263694380225423,-6.220923633191214,-6.179752167034015,-6.140166239579756,-6.102152728881595,-6.06569911729415,-6.030793476498295,-5.9974244534285255,-5.965581257058272,-5.935253646001682,-5.906431916893338,-5.879106893510241,-5.853269916602782,-5.828912834404077,-5.80602799378915,-5.784608232057709,-5.764646869316216,-5.746137701436949,-5.7290749935735015,-5.713453474214014,-5.699268329754847,-5.686515199579336,-5.675190171627433,-5.665289778443734,-5.6568109936926625,-5.649751229130981,-5.644108332029141,-5.639880583034188,-5.6370666944682934,-5.635665809058081,-5.635677499091257,-5.637101765998171,-5.639939040357117,-5.644190182323393,-5.6498564824833295,-5.65693966313561,-5.66544188000349,-5.67536572438269,-5.6867142257309355,-5.6994908547064105,-5.713699526663698,-5.729344605616985,-5.746430908681804,-5.764963711007873,-5.784948751217149,-5.806392237362605,-5.829300853424937,-5.853681766365993,-5.879542633759471,-5.90689161202124,-5.935737365263586,-5.966089074799714,-5.997956449327,-6.0313497358197,-6.066279731164418,-6.102757794574002,-6.140795860818562,-6.1804064543149915,-6.221602704119791,-6.264398359873191,-6.30880780874635,-6.354846093447266,-6.402528931345283,-6.451872734778632,-6.502894632614359,-6.55561249313536,-6.610044948334924,-6.666211419705498,-6.724132145615156,-6.783828210372556,-6.845321575089275,-6.908635110457007,-6.973792631566758,-7.040818934907321,-7.109739837691926,-7.180582219674058,-7.253374067627209,-7.328144522678097,-7.404923930699162,-7.48374389598423,-7.5646373384507415,-7.647638554633845,-7.732783282761465,-7.820108772225961,-7.90965385779719,-8.001459038954135,-8.095566564748097,-8.192020524650268,-8.290866945880682,-8.392153897764757,-8.49593160371851,-8.602252561524672,-8.711171672630568,-8.822746381274891,-8.937036824336817,-9.054105992897162,-9.174019906610024,-9.2968478021057,-9.422662336783944,-9.551539809513034,-9.683560399927284,-9.818808428217,-9.957372637534,-10.099346501396871,-10.244828558778858,-10.393922779903049,-10.546738966162195,-10.703393188031995,-10.864008265367932,-11.028714295078256,-11.197649231864442,-11.370959528533044,-11.54880084333001,-11.731338822856687,-11.918749970426102,-12.111222611247396,-12.308957967631871,-12.512171359552728,-12.721093548433496,-12.93597224507417,-13.157073806258591,-13.384685148958033,-13.619115916324578,-13.860700936072028,-14.109803019644971,-14.366816160130496,-14.632169198622865,-14.906330043291767,-15.18981054348811,-15.483172143837816,-15.787032471731127,-16.10207304764264,-16.42904835362868,-16.768796554254294,-17.122252240317568,-17.490461664821385,-17.87460107061072,-18.275998880927155,-18.696162753152386,-19.13681280374353,-19.59992272918673,-20.087771116709114,-20.603006020254874,-21.148726956948238,-21.728589973411818,-22.3469434909925,-23.00900543560107,-23.72109580987303,-24.490943184132647,-25.328087281190136,-26.244398122116543,-27.2547094708952,-28.37747119052352,-29.635004381488315,-31.05188422798415,-32.646515109243694,-34.400167856785245,-36.1621231144086,-37.463007025009745,-37.59439711263948,-36.483113903120554,-34.81076826806362,-33.10338169593827,-31.544999961335876,-30.165266942201438,-28.948344118306913,-27.869760292113096,-26.90670117523939,-26.04016596927028,-25.25484886570682,-24.538505390439912,-23.881306486194823,-23.275301693093937,-22.71400082874676,-22.192055063852507,-21.705014936915127,-21.249146203138906,-20.82128876540578,-20.41874770830689,-20.03920837208115,-19.680669558762045,-19.34139052848457,-19.019848575420024,-18.714704791649122,-18.42477622266798,-18.149013053984177,-17.88647978960876,-17.6363396221264,-17.397841373043732,-17.170308517363708,-16.95312990932457,-16.74575190527486,-16.547671640755823,-16.35843126643656,-16.1776129848449,-16.004834759269176,-15.839746589579597,-15.682027268389454,-15.531381545979748,-15.38753764453151,-15.250245072054657,-15.119272694437424,-14.994407030631518,-14.875450741418923,-14.762221286701454,-14.65454972999073,-14.552279671894748,-14.455266297011175,-14.36337552083562,-14.276483225149859,-14.194474571928508,-14.117243387140462,-14.044691606964099,-13.976728779913266,-13.913271619212253,-13.85424360048334,-13.799574600438522,-13.749200572812725,-13.703063258251966,-13.661109925286905,-13.62329313988907,-13.589570561431621,-13.559904763164578,-13.534263075572333,-13.512617451213089,-13.494944349850089,-13.48122464287658,-13.471443536213554,-13.465590511024372,-13.463659281745796,-1.5013923762772186,-0.5313441357381656,-0.17582006722631416,0.5309378346721765,0.6259703420246452,1.9316852457329334
-2.1272040940719994,-2.129588754295261,-2.1367358110879504,-2.148652039964415,-2.1653487637312754,-2.1868418971357806,-2.213152009803811,-2.244304407907972,-2.280329235138563,-2.321261593687756,-2.3671416861007266,-2.418014978998382,-2.473932389835277,-2.5349504980247097,-2.601131781941696,-2.6725448835040124,-2.7492649022329556,-2.8313737209084175,-2.918960365157374,-3.0121213995500162,-3.1109613630209205,-3.215593246680864,-3.3261390173320837,-3.4427301902375556,-3.565508454910818,-3.694626357868771,-3.8302480464000324,-3.972550077409906,-4.121722295258597,-4.277968782141564,-4.441508883870887,-4.6125783127674485,-4.791430327574907,-4.978336987593338,-5.173590474234957,-5.377504467413443,-5.590415555876671,-5.812684648779046,-6.04469833906084,-6.286870145587179,-6.539641527720507,-6.803482519139614,-7.0788917617320655,-7.366395627432592,-7.666545984853972,-7.9799159827715505,-8.307092961896279,-8.648667239063988,-9.00521499147331,-9.377272745631148,-9.765299971911755,-10.169624911245625,-10.590366921602122,-11.027326266277463,-11.479829429548435,-11.946515101673288,-12.425043972330892,-12.911716816604969,-13.40099485199572,-13.884942303976548,-14.352665241777787,-14.789913127536828,-15.179132469635137,-15.50035927095923,-15.733278244943008,-15.860404491980763,-15.870663789534776,-15.76204935831174,-15.542131484609117,-15.226165582477405,-14.833712218125608,-14.385163464623014,-13.89918799275443,-13.391390823362803,-12.873967122753335,-12.35595877545411,-11.843776006188914,-11.341769586326043,-10.85274683020067,-10.37839353519076,-9.919599917055224,-9.476703558496824,-9.049666293083789,-8.638200906868187,-8.241860794983271,-7.860102759050824,-7.492330555679786,-7.1379247567405715,-6.796262929466419,-6.46673300138446,-6.148741847816368,-5.841720547033384,-5.545127326043251,-5.25844892026854,-4.98120085783505,-4.712927028499627,-4.4531987903677175,-4.201613791699,-3.957794631238399,-3.721387442257411,-3.492060458334614,-3.2695025996504414,-3.0534221049545818,-2.843545224772848,-2.639614984707257,-2.441390023026812,-2.248643503561277,-2.0611621027735865,-1.878745068496666,-1.701203346959155,-1.5283587742349232,-1.360043328021219,-1.1960984355976876,-1.0363743338860825,-0.8807294776758158,-0.7290299922744553,-0.5811491670638281,-0.436966986676321,-0.29636969674342795,-0.15924940140115595,-0.025503689961625636,0.10496470962670125,0.23224825270741697,0.35643487722350853,0.4776082822210793,0.5958481872070999,0.7112305738723228,0.8238279115561173,0.9337093677072322,1.040941004482581,1.1455859625240514,1.2477046328606436,1.347354817798899,1.4445918815878813,1.5394688915756403,1.6320367505107893,1.722344320585847,1.8104385397670064,1.8963645309080692,1.980165704103776,2.0618838526991468,2.141559243336679,2.2192307003916176,2.294935685117111,2.3687103697951093,2.4405897071658695,2.5106074953875765,2.5787964387590696,2.6451882044212787,2.709813475237862,2.7727019990416677,2.8338826344214016,2.8933833932117157,2.9512314798401666,3.007453327675724,3.0620746325155124,3.1151203833398036,3.166614890458923,3.2165818111704727,3.2650441730404434,3.3120243949177293,3.3575443057878336,3.4016251615684894,3.4442876599471486,3.4855519533579753,3.5254376601939126,3.5639638743476443,3.601149173173806,3.6370116239634385,3.671568789020523,3.7048377294294665,3.7368350076014116,3.767576688686398,3.7970783409375484,3.8253550351126533,3.852421342997569,3.8782913351350423,3.9029785778414894,3.9264961295932297,3.9488565368624484,3.9700718294818396,3.990153515615406,4.00911257641124,4.026959460410252,4.04370407778295,4.05935579446393,4.073923426251659,4.08741523293817,4.099838912530838,4.111201595625107,4.121509839984024,4.1307696253769075,4.138986348725883,4.146164819605329,4.152309256135211,4.157423281305142,4.161509919761897,4.164571595088475,4.166610127598507,4.167626732665028,4.167622019598002,4.166595991080213,4.164548043166366,4.161476965845345,4.15738094416084,4.152257559880682,4.146103793700542,4.138916027962835,4.130690049867201,4.121421055144267,4.1111036521601205,4.099731866414535,4.087299145391987,4.0737983637204485,4.059221828589151,4.043561285373057,4.026807923408128,4.008952381858491,3.9899847556134374,3.9698946011494645,3.948670942289967,3.926302275792734,3.9027765766932725,3.8780813033299397,3.852203401975063,3.825129310994597,3.796844964457317,3.7673357951133344,3.7365867366604193,3.7045822252155682,3.671306199908279,3.6367421025110733,3.600872876021915,3.563680962112332,3.5251482973543165,3.4852563081379935,3.443985904191308,3.4013174706118794,3.3572308583200092,3.311705372840512,3.264719761319582,3.2162521976811003,3.166280265824784,3.1147809407662037,3.061730567616009,3.0071048382925403,2.950878765858311,2.893026656366846,2.833522078101482,2.7723378280823847,2.7094458957119274,2.6448174234216197,2.5784226641759878,2.510230935679939,2.440210571126417,2.3683288663099695,2.294552022919602,2.2188450878104566,2.1411718880386372,2.0614949614263516,1.9797754824056724,1.895973182868237,1.810046267724839,1.7219513248533067,1.6316432290842582,1.5390750398430173,1.4441978920310095,1.346960879691394,1.2473109319612523,1.1451926807655266,1.0405483196562288,0.9333174531431065,0.8234369357989434,0.7108407003531471,0.5954595739106355,0.4772210813488362,0.3560492348525216,0.23186430844467878,0.10458259625914032,-0.025883846821665973,-0.15962748367498183,-0.29674559424977565,-0.4373405974998045,-0.581520397928229,-0.7293987589207823,-0.8810957052451217,-1.0367379573069289,-1.1964593999779212,-1.3604015890437093,-1.5287142985564917,-1.7015561126116259,-1.8790950652886729,-2.0615093326908527,-2.248987981162583,-2.4417317758315242,-2.639954053569127,-2.843881664232706,-3.0537559835621613,-3.2698340002425557,-3.492389478252243,-3.7217141934791083,-3.958119240399735,-4.201936399958257,-4.453519553064965,-4.713246114539321,-4.981518448699525,-5.258765208539213,-5.545442513265828,-5.842034840708578,-6.149055457224173,-6.467046131850783,-6.7965757745466835,-7.138237487613671,-7.492643306799993,-7.860415608774049,-8.242173739438476,-8.638513824751158,-9.049978898270833,-9.47701533637729,-9.919910039256234,-10.37870074597726,-10.853049296505128,-11.342064702662535,-11.844060146861842,-12.356226991870853,-12.874212797480977,-13.391605321193719,-13.899360399771492,-14.385280581541632,-14.833759057039167,-15.22612664714586,-15.541992982197186,-15.761802092635978,-15.870305902028583,-15.859942853018165,-15.732727654443694,-15.499739673213153,-15.178465356960412,-14.789218459513457,-14.351959606266396,-13.884238319664544,-13.400301414398765,-12.911039745882618,-12.42438675079895,-11.945879537670006,-11.479216189040482,-11.02673526982886,-10.589797627429869,-10.169076510413873,-9.764771519325755,-9.376763245709524,-9.004723452572133,-8.648192706733274,-8.306634538010835,-7.979472835373902,-7.666117351994809,-7.365980817219306,-7.0784901500605795,-6.803093546085654,-6.5392646932291925,-6.286505004873163,-6.044344497979677,-5.812341759329036,-5.590083311924072,-5.37718260068981,-5.17327875062726,-4.9780352037294495,-4.791138307696265,-4.612295905874175,-4.441235961121267,-4.2777052344865885,-4.121468031291894,-3.972305021414119,-3.830012136571713,-3.694399544705122,-3.565290699743069,-3.4425214638969877,-3.3259392989362695,-3.215402522528767,-3.1107796255867792,-3.011948646567011,-2.9187965987829485,-2.831218946964235,-2.7491191295129633,-2.672408123145101,-2.6010040468518882,-2.5348318023644274,-2.473822748547842,-2.417914407386192,-2.3670501994441624,-2.3211792069040578,-2.2802559624783854,-2.2442402626875717,-2.2130970041710856,-2.186796041868662,-2.165312068067184,-2.148624511459725,-2.1367174555065525,-2.1295795755255913,-2.1272040940719985,-1.7574568274271967,-1.5505265416098255,-0.961097377757226,1.2464861452587452,1.9440945384459527,1.2653918482935493
3.298239246226959,3.296278307045231,3.2903593752176756,3.2804784659529806,3.266628922136761,3.248801391555214,3.226983794810065,3.2011612837397814,3.171316190106694,3.137427964252188,3.099473103362537,3.0574250689252214,3.011254192889836,2.9609275719777584,2.906408949510893,2.8476585840507314,2.7846331040546968,2.717285347666502,2.6455641866605726,2.569414333456936,2.488776130012112,2.4035853172728707,2.313772783753312,2.2192642916614234,2.119980178859699,2.0158350347959395,1.9067373483870824,1.7925891256823645,1.6732854749766224,1.548714156894449,1.4187550968294984,1.283279857009857,1.1421510653857965,0.9952217985196282,0.8423349157269382,0.68332234191266,0.518004296915502,0.3461884697925758,0.16766913743887413,-0.017773771622790348,-0.21037566534559254,-0.4103883222128636,-0.6180809610438316,-0.8337413303829256,-1.0576767929796969,-1.2902153693024228,-1.5317066880049357,-1.7825227690950727,-2.043058534893653,-2.313731901475505,-2.5949832446329486,-2.8872739532201863,-3.1910836703130223,-3.5069056668966385,-3.8352395771965107,-4.1765804267239375,-4.531402473412106,-4.900135819556676,-5.2831329888695455,-5.680621643460261,-6.0926382887298915,-6.518936160307874,-6.958858579380058,-7.41116719151086,-7.873813410845178,-8.343642666059,-8.8160277022941,-9.284444267310729,-9.740036956013999,-10.171281115003579,-10.563926027011911,-10.901477861391598,-11.166479400968388,-11.342668855431146,-11.417706607227519,-11.38569020100837,-11.248488760663617,-11.015306516785614,-10.700673800742404,-10.321710403586493,-9.895599742543933,-9.437839703486677,-8.961369440024136,-8.476379118361463,-7.990529486216258,-7.509353728151993,-7.036695981924785,-6.575111513824865,-6.126199863046601,-5.69086748357042,-5.26952774525899,-4.86224975126688,-4.46886729983341,-4.089057719279592,-3.7223983586924545,-3.368406711267954,-3.026568648113349,-2.6963580655146573,-2.3772503584581015,-2.0687314722454824,-1.7703037994426887,-1.4814898367981275,-1.2018342613418556,-0.9309049002721993,-0.6682929359447771,-0.4136125910440952,-0.1665004695124791,0.07338532141815401,0.3063661790625533,0.5327440802204909,0.7528026794393232,0.9668084005378177,1.1750115012156195,1.3776470976785906,1.5749361412923577,1.7670863428858052,1.954293042864199,2.1367400270502888,2.3146002893651776,2.488036743245243,2.657202884181275,2.8222434060454904,2.9832947740022737,3.1404857568243836,3.2939379213910747,3.4437660920513236,3.5900787774123133,3.7329785669719815,3.8725624998646357,4.00892240783574,4.142145234411157,4.272313332079424,4.399504739165846,4.523793437944677,4.645249595411424,4.76393978802165,4.879927211595289,4.993271877486136,5.1040307960250875,5.212258148161713,5.318005446151755,5.421321684067965,5.522253478847254,5.620845202528466,5.717139106281488,5.811175436779656,5.902992545422851,5.992626990878281,6.080113635368942,6.165485735106264,6.248775025232899,6.330011799613699,6.409224985787786,6.486442215371433,6.561689890180621,6.634993244322951,6.7063764024913475,6.775862434675959,6.843473407496465,6.909230432343617,6.973153710507035,7.035262575455156,7.09557553242337,7.154110295457061,7.210883822048064,7.265912345495183,7.3192114051124495,7.370795874402329,7.420679987304924,7.468877362628903,7.515401026764551,7.560263434774649,7.603476489954443,7.64505156194769,7.6849995035019845,7.723330665942676,7.7600549134413725,7.795181636151433,7.828719762279912,7.8606777691620024,7.891063693401356,7.9198851401364685,7.947149291490685,7.972862914260403,7.997032366893542,8.019663605807331,8.040762191092094,8.060333291644765,8.078381689773357,8.094911785310867,8.10992759927447,8.123432777103126,8.135430591504031,8.145923944935733,8.15491537175285,8.16240704003473,8.168400753117616,8.172897950847082,8.175899710564666,8.177406747840132,8.177419416957505,8.175937711160735,8.172961262661698,8.168489342410487,8.162520859625314,8.155054361076274,8.146088030114612,8.13561968543626,8.123646779565629,8.110166397042867,8.095175252295071,8.078669687169077,8.060645668100925,8.041098782894117,8.020024237076322,7.997416849801288,7.973271049260228,7.947580867564106,7.9203399350556705,7.891541474007397,7.86117829165883,7.829242772544049,7.795726870057413,7.760622097202832,7.723919516469148,7.685609728771297,7.6456828613940235,7.6041285548719815,7.560935948736852,7.516093666058985,7.469589796707695,7.42141187925077,7.371546881410131,7.319981178986542,7.266700533162215,7.211690066085548,7.1549342346376505,7.096416802274926,7.036120808836689,6.974028538200595,6.9101214836622935,6.844380310908606,6.776784818445779,6.707313895336153,6.635945476087172,6.562656492526958,6.487422822489409,6.410219235120019,6.331019332600381,6.249795488074859,6.166518779547169,6.081158919497188,5.993684179949302,5.904061312702429,5.812255464409208,5.718230086166141,5.621946837248936,5.523365482596696,5.422443783614935,5.319137381830754,5.213399674892704,5.105181684363746,4.994431914706495,4.881096202806859,4.765117557323071,4.646435987083027,4.524988317682471,4.400707995359548,4.273524877137587,4.14336500613638,4.010150370853309,3.8737986471081025,3.7342229212293008,3.591331392936274,3.445027056238192,3.2952073565312507,3.1417638219288007,2.9845816667081086,2.82353936460429,2.6585081895318767,2.48935172117303,2.3159253127475656,2.1380755181865823,1.955639475884906,1.7684442462329428,1.5763061002570664,1.3790297569755408,1.176407567564546,0.9682186452103716,0.7542279407131707,0.5341852656613115,0.30782426752583997,0.07486136462520084,-0.1650053460202781,-0.4120971878351775,-0.6667559808629241,-0.9293450513073107,-1.2002501118339364,-1.4798799238146128,-1.7686666164533205,-2.0670654876019237,-2.3755540417004504,-2.6946299242222054,-3.0248072789541762,-3.366610870165956,-3.7205670567302187,-4.087190353229553,-4.4669638292277085,-4.860310937861971,-5.2675554757910525,-5.6888652028851165,-6.124173151766134,-6.573068851725888,-7.034649742730334,-7.5073214483354995,-7.988535429756012,-8.474456103918428,-8.959560780455387,-9.43620089827705,-9.894199243653855,-10.320628389529073,-10.699997634534611,-11.01512183292159,-11.248866406673606,-11.386671590085948,-11.419292323942987,-11.344815544472397,-11.16910690425364,-10.904483886661765,-10.56720269848662,-10.17472831501186,-9.743570149940805,-9.287997167756942,-8.819551431848891,-8.347103158252905,-7.877188299456389,-7.414442885258095,-6.962027813862535,-6.521996084705912,-6.095589034883753,-5.683465287733318,-5.285872815768601,-4.90277580894758,-4.533946949523453,-4.179033822307271,-3.8376062786608984,-3.509189915820641,-3.1932895038485745,-2.88940517106273,-2.597043393921714,-2.315724273603252,-2.0449861700479315,-1.7843884656469533,-1.533513014767036,-1.2919646793110933,-1.0593712378978544,-0.8353828749271457,-0.6196713970523544,-0.41192928211806007,-0.21186863491539498,-0.019220101903740145,0.16626821899831268,0.34483184903008135,0.516690963426769,0.6820513802682493,0.8411054973889477,0.9940331744104347,1.1410025590606918,1.2821708583865297,1.417685056429551,1.5476825805546066,1.6722919189903753,1.7916331923357176,1.9058186818550742,2.0149533173696086,2.1191351274756687,2.2184556547091763,2.3130003381372717,2.402848865708827,2.4880754985394185,2.568749369149819,2.6449347555234364,2.716691332699769,2.784074403478998,2.847135109678543,2.9059206252558,2.9604743324926552,3.0108359823261495,3.0570418398062467,3.0991248155645987,3.1371145840881858,3.1710376895070786,3.2009176395267698,3.226774988061293,3.248627407053653,3.2664897479041044,3.2803740928642293,3.2902897966950153,3.296243518829731,3.2982392462269603,-0.4222125604163258,-1.057647823124393,-0.014946713125915112,1.023768036944452,1.9696954486809697,1.8253214342580821
-13.94153320872615,-13.945318423656357,-13.956691060636865,-13.975672916303246,-14.002300491717307,-14.036625235696846,-14.078713889718781,-14.128648938686311,-14.186529173194558,-14.252470370362094,-14.32660610183751,-14.409088679261366,-14.500090249281063,-14.599804052195884,-14.708445860459518,-14.826255615587378,-14.953499284488089,-15.090470958817255,-15.237495223549427,-15.39492982342586,-15.563168658000972,-15.74264513725846,-15.933835929527806,-16.137265130647652,-16.353508876344634,-16.583200406054573,-16.827035561907678,-17.085778665099703,-17.360268643649597,-17.651425175362704,-17.96025443371485,-18.287853744502222,-18.635414017452323,-19.004218114066912,-19.39563219851784,-19.811085349890234,-20.25202990717475,-20.7198705725596,-21.215843301531855,-21.740814152812497,-22.294951911257765,-22.877205033458395,-23.48448429835981,-24.11042700140055,-24.743629262044337,-25.365363042364308,-25.947203711884903,-26.449858728664374,-26.825630456816796,-27.02707162143013,-27.021197690364062,-26.802413874316983,-26.39493673065152,-25.842757025322868,-25.194797391568446,-24.49389018712669,-23.772311863485335,-23.051979853730387,-22.34660218235994,-21.664075710346356,-21.008453979621752,-20.38136384420796,-19.7829579511519,-19.212530459303053,-18.66890519210722,-18.150675682319623,-17.656350816122558,-17.184441053386067,-16.733507567529024,-16.302188438294802,-15.889210793347157,-15.493394482502998,-15.113650780766296,-14.748978301037209,-14.398457468048862,-14.061244381725226,-13.736564567868284,-13.423706905991331,-13.122017893581756,-12.830896324879982,-12.549788412482673,-12.27818335029448,-12.015609299252827,-11.761629768147161,-11.51584035773247,-11.277865835263057,-11.047357507304348,-10.823990860427745,-10.607463441655689,-10.397492952990213,-10.193815536839368,-9.996184231541337,-9.804367578415716,-9.618148363817372,-9.43732248152126,-9.261697902430289,-9.09109374008224,-8.925339401750128,-8.764273816096887,-8.60774472937662,-8.45560806308403,-8.3077273267557,-8.163973080333717,-8.0242224411251,-7.888358630939916,-7.756270559475437,-7.627852440441805,-7.50300343730253,-7.381627335837781,-7.263632241034495,-7.14893029606997,-7.037437421388567,-6.929073072078364,-6.823760011938882,-6.721424102795245,-6.621994107760594,-6.525401507279652,-6.431580326903187,-6.34046697584825,-6.252000095492923,-6.166120417038913,-6.082770627651257,-6.001895244452593,-5.923440495811356,-5.847354209418487,-5.773585706697678,-5.702085703139396,-5.632806214189987,-5.565700466364312,-5.500722813284051,-5.437828656374114,-5.376974369977569,-5.3181172306741775,-5.2612153506105885,-5.206227614670757,-5.153113621333729,-5.10183362708278,-5.052348494245194,-5.004619642155557,-4.958609001547778,-4.914278972092038,-4.871592383002769,-4.830512456652225,-4.791002775132084,-4.7530272497118995,-4.716550093149069,-4.6815357948096725,-4.647949098563493,-4.615754983419633,-4.584918646871441,-4.55540549092118,-4.527181110755433,-4.500211286042802,-4.474461974824488,-4.449899309967637,-4.426489598149129,-4.404199321335423,-4.382995140720935,-4.362843903083955,-4.343712649515094,-4.325568626468767,-4.308379299083097,-4.292112366708471,-4.276735780578913,-4.26221776355455,-4.248526831856919,-4.235631818712147,-4.223501899810324,-4.2121066204822535,-4.201415924487721,-4.1914001843023785,-4.182030232783196,-4.1732773960856235,-4.165113527698737,-4.1575110434582685,-4.150442957391244,-4.14388291824015,-4.137805246509428,-4.132184971872305,-4.126997870771885,-4.12222050404719,-4.117830254412031,-4.113805363612993,-4.11012496909178,-4.10676913997719,-4.103718912233065,-4.100956322790406,-4.098464442494932,-4.096227407705389,-4.094230450383006,-4.092459926518549,-4.090903342750733,-4.089549381037757,-4.0883879212528935,-4.087410061585122,-4.086608136636653,-4.085975733120856,-4.0855077030765035,-4.085200174527314,-4.085050559529149,-4.085057559561517,-4.085221168233964,-4.085542671292868,-4.086024643928478,-4.086670945396898,-4.087486710986227,-4.088478341370249,-4.089653489407285,-4.091021044455159,-4.0925911142863445,-4.094375004699778,-4.096385196937421,-4.0986353230245784,-4.101140139163047,-4.103915497315208,-4.106978315125415,-4.110346544332104,-4.114039137830255,-4.118076015548881,-4.122478029312266,-4.127266926856689,-4.132465315176386,-4.138096623373378,-4.144185065185957,-4.150755601369562,-4.157833902102083,-4.165446309583036,-4.173619800992563,-4.182381951972302,-4.191760900785359,-4.201785313307434,-4.212484348995359,-4.223887627973228,-4.236025199369798,-4.248927511034029,-4.262625380748846,-4.277149969056028,-4.2925327537980875,-4.3088055064759265,-4.326000270514053,-4.3441493415182455,-4.363285249603956,-4.383440743867216,-4.404648779063821,-4.426942504556629,-4.450355255585579,-4.474920546909893,-4.500672068867529,-4.527643685892868,-4.555869437530079,-4.585383541976728,-4.6162204021897395,-4.648414614584027,-4.682000980353003,-4.717014519439634,-4.753490487186808,-4.791464393696739,-4.830972025930646,-4.872049472582239,-4.914733151761752,-4.959059841531101,-5.005066713335539,-5.052791368382929,-5.10227187702821,-5.153546821228444,-5.2066553401423725,-5.261637178958164,-5.318532741044265,-5.377383143530241,-5.438230276438507,-5.501116865502795,-5.566086538826182,-5.633183897550107,-5.702454590726333,-5.773945394606519,-5.847704296589196,-5.923780584091461,-6.002224938643224,-6.083089535535526,-6.166428149391527,-6.252296266069753,-6.3407512013546805,-6.431852226939623,-6.525660704262847,-6.622240226818973,-6.721656771636422,-6.823978860687387,-6.92927773308133,-7.037627528987005,-7.149105486332971,-7.263792151453359,-7.38177160497699,-7.50313170440387,-7.627964344977727,-7.756365740647312,-7.8884367271162725,-8.024283089214451,-8.164015915085878,-8.307751979984962,-8.455614162806487,-8.607731898853292,-8.76424167277304,-8.925287556080168,-9.091021794228038,-9.261605448819354,-9.437209101249481,-9.618013624878735,-9.804211033739463,-9.996005416814068,-10.193613968086748,-10.39726812388942,-10.607214820545735,-10.823717886980432,-11.047059588813395,-11.277542342503278,-11.515490620334358,-11.761253069425244,-12.015204870418305,-12.277750363974398,-12.549325975459729,-12.830403469958595,-13.12149357047976,-13.423149971152498,-13.735973773092812,-14.060618361526487,-14.397794725672103,-14.748277193130681,-15.112909500792554,-15.49261104314671,-15.888383008456453,-16.301313905355478,-16.732583652423195,-17.183464880406635,-17.65531926818646,-18.14958541950644,-18.667752701787546,-19.211312159395,-19.78167038130335,-20.38000400071619,-21.007019882473568,-21.6625673390811,-22.345022982946617,-23.05033908993467,-23.770628113002935,-24.49219612104585,-25.193145312047058,-25.841223019422,-26.39361871409088,-26.801417292407457,-27.020607292336862,-27.02692073860971,-26.82588854180848,-26.45044663819224,-25.948023871066212,-25.366324922886886,-24.744661640856833,-24.111479559955654,-23.485524143038845,-22.878212054421763,-22.29591472185815,-21.74172705400182,-21.216704182155695,-20.720679517437887,-20.252788297113455,-19.811795289191846,-19.396296155579233,-19.004838698907157,-18.635993846605576,-18.288395361373656,-17.960760263966094,-17.651897504261665,-17.360709607033364,-17.086190248614646,-16.827419605122355,-16.583558609281376,-16.353842808804302,-16.137576239125107,-15.934125546999711,-15.742914491186228,-15.563418878119702,-15.395161948946562,-15.237710209746227,-15.090669683004418,-14.953682551411056,-14.82642416226266,-14.708600360503116,-14.599945119681184,-14.50021844216629,-14.409204502424513,-14.326710009753782,-14.252562769455611,-14.186610423892901,-14.128719357203035,-14.078773749586027,-14.036674769067002,-14.002339890450068,-13.975702332851526,-13.956710608742625,-13.945328178865042,-13.94153320872615,-0.28192942316619773,-1.7727563118002925,-1.55269221521236,1.6062950010697072,1.8284591577731406,0.6014933974581069
-22.53440575088341,-22.53824489702292,-22.549787163817307,-22.569060102166286,-22.596109884805095,-22.631001674083187,-22.673820145475556,-22.72467017566022,-22.783677706937105,-22.85099080304178,-22.926780915123224,-23.011244380930673,-23.104604185233963,-23.207112015363762,-23.319050652718637,-23.44073674941599,-23.57252404929885,-23.71480712467248,-23.868025714962858,-24.032669771632882,-24.209285336006143,-24.39848140420179,-24.600937967526946,-24.81741545910369,-25.048765890345038,-25.295946026745185,-25.560033034442554,-25.842243130733763,-26.14395389691792,-26.466731063669112,-26.81236075824907,-27.18288840346474,-27.580665659407927,-28.00840694644045,-28.469257055677115,-28.966870862279265,-29.50550459994625,-30.090114215177607,-30.7264471255114,-31.421092929484185,-32.18141215378351,-33.01515831216447,-33.92937684332131,-34.92765495580981,-36.0037396400521,-37.12774083306708,-38.220130520333875,-39.11828919427603,-39.58241139170221,-39.4239881411892,-38.67913960890491,-37.57129359060105,-36.32498115143267,-35.07658296000148,-33.88812058267884,-32.780724850649776,-31.756850509424236,-30.811469338443395,-29.937129060912497,-29.12609424881099,-28.3711779122433,-27.666003716788584,-27.005029916983712,-26.383481438608435,-25.797253890424127,-25.24281628743897,-24.71712274892857,-24.217536169316375,-23.74176379644731,-23.287803489475625,-22.853899110312735,-22.438503540750734,-22.04024798864058,-21.6579164510242,-21.290424397824857,-20.93680091123495,-20.596173659940412,-20.267756205445483,-19.950837233446947,-19.644771380210496,-19.348971385693005,-19.06290135471501,-18.78607094727744,-18.518030351127955,-18.25836591550589,-18.00669634589081,-17.7626693765489,-17.52595885149878,-17.29626215582958,-17.073297948590167,-16.85680415612078,-16.64653619102813,-16.44226536725914,-16.243777486106215,-16.050871571636392,-15.863358737107124,-15.68106116651505,-15.50381119760665,-15.331450494527417,-15.163829299857237,-15.000805757117536,-14.842245295979971,-14.688020073386557,-14.538008464633718,-14.392094599198819,-14.250167936714508,-14.112122879039752,-13.97785841484757,-13.847277793559854,-13.720288225817416,-13.596800607986149,-13.476729268473926,-13.359991733873624,-13.246508513158686,-13.13620289834427,-13.029000780191467,-12.92483047767754,-12.823622580084121,-12.725309800669859,-12.629826840995564,-12.537110265060837,-12.447098382491697,-12.359731140091256,-12.274950021129916,-12.192697951809466,-12.112919214387487,-12.035559366495065,-11.960565166222679,-11.887884502587024,-11.817466331025468,-11.749260613595563,-11.683218263584742,-11.61929109426033,-11.55743177151261,-11.497593770164316,-11.43973133373811,-11.383799437490644,-11.329753754536831,-11.27755062490166,-11.227147027349245,-11.178500553850135,-11.131569386557864,-11.086312277174887,-11.04268852859633,-11.000657978727226,-10.960180986375637,-10.921218419129868,-10.883731643133356,-10.84768251467533,-10.81303337351962,-10.779747037897485,-10.747786801093575,-10.717116429556736,-10.687700162469852,-10.659502712714723,-10.632489269169735,-10.606625500279282,-10.58187755883501,-10.5582120879098,-10.535596227885765,-10.513997624518133,-10.493384437976863,-10.473725352808003,-10.454989588756565,-10.437146912392453,-10.420167649480799,-10.404022698037387,-10.388683542009652,-10.374122265523011,-10.360311567632003,-10.347224777514956,-10.334835870050657,-10.323119481714913,-10.312050926734582,-10.301606213436333,-10.291762060727251,-10.282495914644183,-10.273785964908974,-10.265611161426733,-10.257951230664677,-10.250786691849648,-10.244098872923013,-10.237869926192566,-10.232082843622077,-10.226721471700397,-10.221770525833582,-10.217215604204974,-10.2130432010503,-10.209240719296735,-10.205796482517304,-10.202699746154396,-10.199940707968986,-10.197510517674882,-10.195401285720527,-10.193606091184005,-10.192118988750387,-10.19093501474402,-10.190050192192022,-10.189461534899094,-10.189167050517533,-10.189165742600377,-10.189457611629503,-10.190043655014714,-10.190925866063683,-10.19210723192696,-10.19359173052605,-10.195384326476763,-10.197490966023821,-10.199918571006762,-10.20267503188077,-10.20576919981987,-10.20921087793337,-10.213010811629852,-10.217180678166278,-10.221733075422781,-10.22668150994663,-10.232040384311565,-10.237824983841154,-10.244051462747176,-10.250736829736034,-10.257898933138208,-10.265556445617323,-10.273728848516901,-10.28243641590417,-10.29170019837129,-10.301542006655293,-10.311984395138662,-10.323050645292998,-10.33476474912856,-10.347151392712654,-10.360235939819892,-10.374044415777202,-10.388603491566347,-10.40394046824642,-10.420083261758293,-10.437060388172723,-10.454900949443218,-10.473634619724319,-10.493291632315444,-10.51390276728988,-10.535499339868174,-10.558113189594609,-10.58177667037522,-10.606522641435541,-10.63238445925613,-10.659395970543928,-10.687591506297707,-10.717005877026208,-10.747674369178084,-10.779632742843624,-10.812917230789225,-10.847564538886926,-10.883611848002865,-10.92109681741066,-10.96005758979783,-11.000532797936195,-11.042561573090401,-11.086183555242176,-11.131438905212178,-11.178368318765905,-11.227013042795392,-11.277414893674347,-11.329616277891017,-11.38366021507032,-11.439590363505182,-11.497451048325969,-11.557287292447036,-11.619144850440783,-11.683070245501664,-11.749110809676699,-11.817314727553846,-11.88773108361653,-11.960409913491114,-12.035402259334466,-12.11276022963148,-12.192537063697426,-12.274787201207676,-12.359566357108056,-12.44693160229314,-12.536941450477476,-12.629655951726741,-12.725136793162509,-12.823447407406011,-12.924653089384597,-13.02882112218864,-13.136020912739422,-13.246324138108957,-13.359804903423623,-13.476539912385071,-13.5966086515565,-13.720093589691055,-13.847080393525124,-13.977658161623163,-14.111919678047606,-14.24996168783845,-14.39188519652781,-14.537795796188364,-14.68780402082749,-14.842025734296723,-15.000582554296155,-15.16360231652506,-15.33121958357311,-15.50357620377359,-15.680821925966018,-15.863115076958131,-16.050623309457585,-16.243524429387406,-16.442007312837987,-16.646272924478687,-16.85653545110061,-17.073023566144457,-17.295981843651273,-17.525672343144652,-17.76237639061281,-18.00639658513701,-18.258059065968233,-18.51771608118421,-18.78574890671336,-19.062571173799864,-19.348632674298628,-19.64442372701983,-19.950480205318016,-20.267389347024523,-20.59579649365694,-20.936412937866994,-21.290025097901335,-21.657505287444756,-22.039824411055857,-22.438066992484075,-22.853449038953315,-23.28733936279193,-23.741285126048727,-24.217042545675852,-24.716613893205412,-25.24229212839646,-25.79671467927238,-26.38292792192804,-27.004463599925117,-27.665427268897677,-28.37059580263716,-29.125513757111822,-29.936561915573808,-30.81093442132525,-31.756378396844468,-32.78036552504017,-33.887956486645514,-35.076750234947895,-36.325699639500655,-37.572890284932356,-38.68199767322505,-39.42829338773112,-39.587786048498415,-39.123901784433684,-38.22530196573536,-37.13221146369342,-36.00751949237872,-34.93084733050299,-33.932094284587066,-33.01749658976024,-32.18344667755485,-31.42288165496737,-30.728034463105036,-30.091534408607718,-29.506784322071645,-28.968031129567045,-28.470314622961162,-28.00937532348277,-27.58155585660665,-27.183709483988324,-26.813120251179562,-26.467435276540034,-26.14460815472343,-25.842851960638498,-25.56060030996923,-25.2964750814052,-25.049259607994504,-24.817876346398076,-24.601368212479766,-24.39888292386051,-24.20965981553289,-24.033018696542513,-23.868350397871154,-23.715108727607742,-23.572803602402274,-23.440995166682814,-23.319288745297733,-23.20733050282969,-23.10480370516403,-23.01142549705556,-22.92694412426907,-22.851136541040763,-22.78380635365119,-22.724782059235903,-22.673915545926086,-22.631080826276467,-22.59617298092085,-22.56910729367314,-22.549818563009794,-22.5382605781488,-22.534405750883412,-0.9813140100347097,-1.7037299906176973,-0.1937154885892014,1.3541634181510782,0.579655129019882,0.917696911185614
-11.106568607866002,-11.109206846726051,-11.117170059510663,-11.130469804041653,-11.149125418020402,-11.173164116139695,-11.202621127483587,-11.237539874638697,-11.27797219638708,-11.323978616328532,-11.37562866029752,-11.433001226005416,-11.49618500896323,-11.565278989435122,-11.640392985951394,-11.721648281787083,-11.809178331805905,-11.903129558198557,-12.003662244933002,-12.110951542207689,-12.225188593886946,-12.34658180283511,-12.475358251289624,-12.611765295965897,-12.756072360512649,-12.90857295128257,-13.069586926194347,-13.239463050776006,-13.41858188031729,-13.607359012408509,-13.806248759935219,-14.015748300661212,-14.236402365527507,-14.46880853310568,-14.71362320119901,-14.971568306575076,-15.243438857230444,-15.530111323469962,-15.832552896287453,-16.151831550700532,-16.489126725871284,-16.845740216853667,-17.223106504731586,-17.622801133018882,-18.046544701618462,-18.49619831496394,-18.973743415830125,-19.48123406628497,-20.020701578260525,-20.59397779092034,-21.202380899102238,-21.846171952940047,-22.523636506394027,-23.229576655868634,-23.952944331198005,-24.673421065932438,-25.357250244428702,-25.954069256680828,-26.399017270677383,-26.625751076507708,-26.5903263746954,-26.29233205619667,-25.775102412402298,-25.104804504844207,-24.346451203490844,-23.550671889537192,-22.751465863529454,-21.969324763617042,-21.21540374173691,-20.494959133485814,-19.80973178065199,-19.159467082100498,-18.542841236421413,-17.958009628195825,-17.402923940253423,-16.87551061509796,-16.373767236745458,-15.895810827637995,-15.439898333892522,-15.0044313424148,-14.587952160997542,-14.189135462116111,-13.80677794140487,-13.439787396227771,-13.087172005470197,-12.748030220354732,-12.421541457132852,-12.106957655497698,-11.803595695013236,-11.510830623627275,-11.228089633960153,-10.954846716324552,-10.690617917333343,-10.43495713645659,-10.187452398171004,-9.947722543324648,-9.715414289393744,-9.49019961509413,-9.271773430154079,-9.059851495886726,-8.854168566506253,-8.654476724932948,-8.460543890165633,-8.272152476210248,-8.089098185087146,-7.91118891864129,-7.73824379579132,-7.570092263512013,-7.406573291285023,-7.247534640002643,-7.0928321973962145,-6.9423293730058075,-6.795896546530839,-6.653410564118909,-6.514754277776715,-6.379816123634564,-6.248489735275758,-6.12067358876251,-5.996270676359671,-5.875188206282043,-5.757337326077567,-5.6426328675109865,-5.530993111035532,-5.422339568137913,-5.316596780016406,-5.213692131207478,-5.113555676913992,-5.016119982911134,-4.921319977015377,-4.829092811199623,-4.739377733524713,-4.652115969135754,-4.567250609641301,-4.484726510256367,-4.404490194146253,-4.326489763458824,-4.250674816578167,-4.176996371173541,-4.105406792654291,-4.035859727674518,-3.968310042361362,-3.902713764967498,-3.8390280326731245,-3.7772110422843346,-3.717222004595025,-3.6590211021970163,-3.602569450539645,-3.547829062054336,-3.4947628131731645,-3.4433344140821163,-3.3935083810605744,-3.3452500112681802,-3.29852535984899,-3.2533012192305506,-3.209545100502691,-3.1672252167669668,-3.1263104683534997,-3.0867704298068945,-3.0485753385474386,-3.011696085117852,-2.9761042049294275,-2.941771871424508,-2.9086718905752345,-2.8767776966408043,-2.846063349107907,-2.81650353074086,-2.788073546669783,-2.760749324446726,-2.7345074150011066,-2.709324994427054,-2.6851798665365085,-2.6620504661129845,-2.639915862801944,-2.618755765574787,-2.5985505277043313,-2.5792811521908203,-2.560929297578209,-2.5434772841018565,-2.5269081001095013,-2.5112054086987134,-2.4963535545151707,-2.4823375706573745,-2.4691431856347803,-2.4567568303278793,-2.445165644900183,-2.4343574856139645,-2.424320931503186,-2.415045290859217,-2.406520607486748,-2.3987376666896822,-2.391688000948908,-2.385363895256413,-2.379758392072569,-2.374865295876162,-2.37067917727941,-2.3671953766830462,-2.364410007449469,-2.362319958574946,-2.360922896844927,-2.3602172684596017,-2.360202300120082,-2.360877999568716,-2.3622451555802995,-2.364305337404199,-2.3670608936606414,-2.370514950697599,-2.374671410418017,-2.3795349475901375,-2.3851110066569636,-2.3914057980638375,-2.3984262941261445,-2.406180224462116,-2.4146760710184085,-2.423923062719013,-2.433931169770544,-2.4447110976595834,-2.456274280880039,-2.4686328764309176,-2.4817997571269275,-2.495788504766476,-2.5106134032034926,-2.5262894313713686,-2.5428322563089645,-2.560258226240171,-2.5785843637601014,-2.597828359182244,-2.618008564102241,-2.6391439852351812,-2.6612542785843365,-2.684359744000478,-2.7084813201917712,-2.7336405802453987,-2.759859727722904,-2.7871615933923226,-2.815569632661112,-2.845107923774987,-2.8758011668488064,-2.907674683796863,-2.940754419231258,-2.975066942398427,-3.0106394502254434,-3.047499771549557,-3.0856763726063385,-3.1251983638540857,-3.1660955082146214,-3.208398230813434,-3.2521376303053486,-3.2973454918754075,-3.344054302008746,-3.3922972651276684,-3.4421083221992395,-3.493522171422354,-3.5465742911094105,-3.6013009648850014,-3.657739309331498,-3.71592730422046,-3.7759038254781467,-3.8377086810443983,-3.901382649795791,-3.966967523717364,-4.034506153521721,-4.104042497930442,-4.1756216768508505,-4.249290028700711,-4.325095172155753,-4.40308607261899,-4.483313113737875,-4.565828174325266,-4.650684711073206,-4.737937847485418,-4.82764446949518,-4.919863328280628,-5.014655150840083,-5.11208275894607,-5.212211197159337,-5.315107870654064,-5.4208426936833245,-5.52948824960104,-5.641119963454269,-5.755816288268958,-5.873658906274956,-5.994732946453951,-6.119127219949073,-6.24693447504974,-6.378251673662426,-6.5131802914009445,-6.651826643682121,-6.794302240498505,-6.940724172864354,-7.091215534300181,-7.245905881141041,-7.40493173593323,-7.568437138730808,-7.73657425172953,-7.909504023392429,-8.087396919043442,-8.270433725849408,-8.458806441196147,-8.652719254713192,-8.852389635639554,-9.058049538880113,-9.269946745011035,-9.488346351691641,-9.713532436470354,-9.945809913878701,-10.185506613036273,-10.432975605784602,-10.688597819668201,-10.952784974905015,-11.225982889824808,-11.508675205031363,-11.80138758258893,-12.104692442505005,-12.419214304056336,-12.745635803007485,-13.084704455678992,-13.437240234108954,-13.804143998228264,-14.186406792845814,-14.585119945882301,-15.001485777628712,-15.436828512459865,-15.892604614159627,-16.37041114354419,-16.871989694636646,-17.399221721329912,-17.954108145428552,-18.538721240709343,-19.155108585700333,-19.805115203654932,-20.49006750948184,-21.21022675226842,-21.96386584498569,-22.74575423808927,-23.5447818001754,-24.34052971540396,-25.099104088337473,-25.770000851178814,-26.288301950275795,-26.587816720257816,-26.625009712010367,-26.39997973498899,-25.956412210265785,-25.360550358238857,-24.677291101760204,-23.957091644822665,-23.23380449235106,-22.527822775119212,-21.850245900250226,-21.206304756565597,-20.597734120359767,-20.024285083914165,-19.48464647115969,-18.97699031605492,-18.49928727403453,-18.049484110935936,-17.625599542823977,-17.225772242684013,-16.84828118182277,-16.491550287772764,-16.154144513778498,-15.834761499577443,-15.532221262259851,-15.24545531558395,-14.97349599486743,-14.715466395036927,-14.47057111151452,-14.238087847229046,-14.017359877847149,-13.807789329296698,-13.608831203394956,-13.419988080720293,-13.24080542980032,-13.07086745520936,-12.909793422457359,-12.757234403534909,-12.612870393034921,-12.47640775055969,-12.347576930470323,-12.226130464872869,-12.111841170049985,-12.004500550359134,-11.90391737696549,-11.80991642170483,-11.72233732892559,-11.641033610383822,-11.565871750203417,-11.496730408602872,-11.433499714564375,-11.376080638910157,-11.324384440380957,-11.278332178305781,-11.23785428632996,-11.202890202447382,-11.173388051278256,-11.149304375158524,-11.13060391117295,-11.117259411781175,-11.109251507164293,-11.106568607866,-1.902831195133563,-0.2387857328440437,-1.4432873786233178,1.217574572095632,1.149797099827113,1.079385027424235
-23.132580248664713,-23.1357830547311,-23.145392330295728,-23.161426056775937,-23.183914332599407,-23.212899574811914,-23.248436805266003,-23.290594025453416,-23.33945268537085,-23.395108253267534,-23.457670894753946,-23.527266271599085,-23.60403647266378,-23.688141091874257,-23.779758471013494,-23.87908712849489,-23.98634739930374,-24.101783316096817,-24.225664767227258,-24.358289974447224,-24.49998834153517,-24.65112373548208,-24.812098274643255,-24.983356714056015,-25.165391537765114,-25.358748892568354,-25.564035528516904,-25.781926950664065,-26.013177036465585,-26.25862943726874,-26.51923116504633,-26.79604887313705,-27.090288480730237,-27.403318976854347,-27.736701486818642,-28.09222501473856,-28.47195072081441,-28.878267193815013,-29.313959994932443,-29.782299853072164,-30.287155372042807,-30.833138049236553,-31.42578980930211,-32.071825845674596,-32.77944717798198,-33.55873425698003,-34.4221141166524,-35.38482656107634,-36.46510368708401,-37.68313218473577,-39.05591210638852,-40.579369443535455,-42.17477366918786,-43.56577158236057,-44.19078665938993,-43.632666103927846,-42.21335781950745,-40.51939445548715,-38.87148693804275,-37.36899971991772,-36.02264892437989,-34.81697228325986,-33.73173826531073,-32.748262578759636,-31.85081130538026,-31.026522106595,-30.264954853199633,-29.557616828069563,-28.89755631968132,-28.27903800054194,-27.697290189482437,-27.148309603737196,-26.628710442782513,-26.13560719664119,-25.666523034581658,-25.219317644604278,-24.79212994095429,-24.383332213161882,-23.991493145199648,-23.61534776412691,-23.25377284380761,-22.905766635412533,-22.57043205488805,-22.246962651872746,-21.934630831624148,-21.632777913651445,-21.340805696848353,-21.05816926749078,-20.784370838287174,-20.518954447279253,-20.261501377416504,-20.01162618303931,-19.768973229787786,-19.533213670733684,-19.30404279467135,-19.08117769316253,-18.864355201619897,-18.653330076833246,-18.44787337920064,-18.247771032769787,-18.052822540214596,-17.862839833222058,-17.677646241568016,-17.49707556651429,-17.320971246144033,-17.149185601930157,-16.981579157255894,-16.818020019818746,-16.658383320884234,-16.502550705242594,-16.350409866483023,-16.201854122855995,-16.05678202956071,-15.915097023785094,-15.776707099251546,-15.641524507392024,-15.509465482599156,-15.380449989282328,-15.254401488705177,-15.131246723797926,-15.01091552032911,-14.893340602989504,-14.778457425089721,-14.66620401070454,-14.556520808213396,-14.449350554290191,-14.344638147487354,-14.242330530641208,-14.142376581398748,-14.044727010231341,-13.949334265359155,-13.856152444062758,-13.765137209905037,-13.676245715429081,-13.589436529935465,-13.50466957197667,-13.42190604623719,-13.341108384495756,-13.262240190391248,-13.185266187736582,-13.110152172145613,-13.036864965756552,-12.965372374852615,-12.895643150195689,-12.827646949903102,-12.761354304710029,-12.696736585471813,-12.633765972770888,-12.572415428502664,-12.512658669323471,-12.454470141851651,-12.397824999520093,-12.342699080985351,-12.28906889000434,-12.236911576695393,-12.186204920105395,-12.136927312009497,-12.089057741874093,-12.042575782917787,-11.99746157920854,-11.953695833738662,-11.911259797422243,-11.870135258962469,-11.830304535538897,-11.791750464267118,-11.75445639438551,-11.718406180125777,-11.683584174225931,-11.649975222046251,-11.617564656250202,-11.5863382920142,-11.556282422731229,-11.52738381617506,-11.499629711092883,-11.473007814195649,-11.447506297516483,-11.423113796108781,-11.399819406056737,-11.377612682772103,-11.35648363955214,-11.336422746374646,-11.317420928907172,-11.299469567708309,-11.282560497600258,-11.266686007192545,-11.25183883853808,-11.238012186903541,-11.225199700637225,-11.213395481118315,-11.202594082772823,-11.192790513142173,-11.183980232991665,-11.176159156446975,-11.169323651147883,-11.163470538409532,-11.15859709338257,-11.154701045204503,-11.151780577135808,-11.14983432667531,-11.14886138565045,-11.14886130027922,-11.149834071201482,-11.151780153478693,-11.154700456561923,-11.158596344229334,-11.16346963449532,-11.169322599494496,-11.176157965345013,-11.183978911996594,-11.19278907306981,-11.202592535694249,-11.213393840354211,-11.225197980751641,-11.238010403697123,-11.25183700904075,-11.266684149655665,-11.282558631488257,-11.299467713689834,-11.317419108845762,-11.336420983318929,-11.356481957725562,-11.37761110756228,-11.39981796400436,-11.423112514896163,-11.447505205955736,-11.473006942216525,-11.499629089730321,-11.527383477556455,-11.556282400063438,-11.586338619570336,-11.617565369356274,-11.649976357067626,-11.6835857685537,-11.718408272163037,-11.75445902353366,-11.791753670912112,-11.830308361037613,-11.87013974562918,-11.911264988515192,-11.953701773446948,-11.997468312639208,-12.042583356083282,-12.089066201680112,-12.136936706243285,-12.18621529742461,-12.236922986617543,-12.289081382896947,-12.342712708056855,-12.397839812811648,-12.454486194229835,-12.512676014474104,-12.572434120925717,-12.633786067776725,-12.696758139178767,-12.76137737404353,-12.827671592596445,-12.895669424792576,-12.965400340711632,-13.036894683057787,-13.110183701899507,-13.1852995917953,-13.262275531462622,-13.34114572616021,-13.421945452967686,-13.504711109162058,-13.589480263907435,-13.676291713493002,-13.765185540375068,-13.85620317630144,-13.949387469821984,-14.044782758516618,-14.142434946303212,-14.242391586221839,-14.344701969129943,-14.449417218785177,-14.55659039383959,-14.666276597321461,-14.778533094239217,-14.893419438007491,-15.010997606468353,-15.131332148362805,-15.254490341199581,-15.380542361571834,-15.509561469088922,-15.641624205221799,-15.77681060850955,-15.915204447742603,-16.05689347492941,-16.201969700070535,-16.350529690011303,-16.50267489392682,-16.658511998316087,-16.818153314752468,-16.981717204063564,-17.149328541104087,-17.321119224851852,-17.497228739213103,-17.67780477068489,-17.863003889909365,-18.05299230518973,-18.247946697250537,-18.448055145949112,-18.653518161323483,-18.864549833346658,-19.081379117111844,-19.304251272977115,-19.533429484548577,-19.76919668140241,-20.011857598289538,-20.261741108426857,-20.519202875599678,-20.78462837849221,-21.05843637132473,-21.341082858018044,-21.63306567339091,-21.93492978518416,-22.247273456124326,-22.570755437275633,-22.906103404552006,-23.254123902102208,-23.61571412287504,-23.991875942802665,-24.383732737217652,-24.792549655261702,-25.21975822242819,-25.666986399972775,-26.136095576222438,-26.629226431277747,-27.148856247744714,-27.697871095754692,-28.279657477585204,-28.898219565228025,-29.558330180496434,-30.265726133130713,-31.02736108690258,-31.851730364780252,-32.74927761604427,-33.73286997099359,-34.81824784913061,-36.02410408591895,-37.37068017745613,-38.873444913500535,-40.521664609757195,-42.215865334419405,-43.6350102598524,-44.19221118682151,-43.56597230967314,-42.17420069328223,-40.57849674921221,-39.054978154770886,-37.68222999453493,-36.46426373611333,-35.38405499049623,-34.421408123613205,-33.558088145472354,-32.77885471335967,-32.07128113341882,-31.42528757816605,-30.83267369601044,-30.2867249159656,-29.781899861659817,-29.31358750652216,-28.877919646475068,-28.471625890565434,-28.09192096324477,-27.736416517647857,-27.40305159909942,-27.090037378794808,-26.79581288161672,-26.519009247796742,-26.25842066990743,-26.012980591691154,-25.78174208589143,-25.563861575422354,-25.358585248214588,-25.16523765703877,-24.9832121031997,-24.811962485704324,-24.65099636153227,-24.499869012541453,-24.35817835369496,-24.225560548213814,-24.101686219827684,-23.98625717193438,-23.879003539270887,-23.779681310469243,-23.688070170256733,-23.60397161855305,-23.527207330701856,-23.457617728849964,-23.395060739291672,-23.339410714616594,-23.29055750288554,-23.24840564893215,-23.21287371534453,-23.183893712800973,-23.161410631281612,-23.1453820653088,-23.13577792782763,-23.132580248664713,-1.2956782656575603,-1.4401334177777094,-1.478394322828734,0.956476990101253,0.9626764326726671,0.5365662707861897
-4.667585006734064,-4.669750464258254,-4.676255286480405,-4.687106368905736,-4.702315235521348,-4.721898084159468,-4.745875850509477,-4.774274291284691,-4.8071240872052226,-4.844460966621688,-4.886325850778164,-4.932765021899293,-4.983830315487595,-5.039579338436271,-5.100075714802436,-5.165389361349673,-5.235596795260311,-5.3107814767412265,-5.3910341896068665,-5.476453463324644,-5.567146040456217,-5.663227393930594,-5.764822299146886,-5.872065466534889,-5.985102240906819,-6.104089374722653,-6.229195883272083,-6.360603990755535,-6.498510177331131,-6.6431263383867165,-6.794681068594269,-6.953421084698573,-7.119612802459922,-7.293544084669989,-7.47552617861838,-7.665895862686702,-7.865017822700948,-8.073287278990879,-8.291132884342275,-8.519019910505266,-8.757453735609694,-9.006983635178043,-9.268206863056221,-9.541772981924765,-9.828388360671848,-10.128820689521053,-10.443903260747652,-10.77453860364669,-11.121700817192233,-11.486435566271984,-11.869856125836044,-12.273132960763558,-12.697472946340282,-13.144082202549477,-13.61410324024405,-14.108512125286016,-14.627953880190436,-15.172483458248912,-15.741164722517611,-16.33146189601922,-16.93834280829421,-17.553019251950836,-18.161321020012117,-18.74192068177374,-19.26510011878882,-19.69345535864875,-19.986365534010186,-20.10898405063754,-20.043140393817914,-19.794129370211447,-19.388652224369057,-18.865411699471462,-18.264452482422072,-17.620077913222165,-16.958240151140128,-16.296902668953372,-15.647638777904891,-15.017391637684469,-14.409948536623407,-13.827034463720205,-13.269072066654237,-12.735689944832103,-12.226054417741114,-11.739082247000061,-11.273574848518324,-10.828301412592992,-10.402049064561897,-9.993651914006211,-9.6020066851689,-9.22607990660284,-8.864909874474085,-8.517605460440427,-8.183343093581293,-7.861362764721374,-7.550963589037247,-7.251499259918754,-6.962373595453963,-6.683036293854032,-6.412978959530329,-6.151731426872894,-5.898858387173444,-5.653956311063504,-5.416650651318799,-5.1865933069454275,-4.963460327813199,-4.74694983887711,-4.536780163666473,-4.332688127851673,-4.134427525082359,-3.9417677287745594,-3.754492435012111,-3.572398523162522,-3.395295022156009,-3.2230021716230297,-3.055350568223761,-2.8921803885335162,-2.733340680775573,-2.5786887185233476,-2.428089410235813,-2.2814147591506524,-2.138543368647641,-1.999359988716831,-1.8637550996300578,-1.7316245293261598,-1.6028691013857765,-1.4773943107966168,-1.355110024998364,-1.2359302079531316,-1.119772665215431,-1.0065588081788888,-0.8962134358578494,-0.7886645327235688,-0.6838430812586194,-0.5816828880219794,-0.4821204221323577,-0.38509466518025226,-0.29054697167161087,-0.1984209391887534,-0.10866228752844428,-0.021218746143740887,0.06396005072367102,0.14692266178000996,0.22771592979554015,0.3063850665671122,0.3829737321544715,0.4575241087819385,0.5300769697647814,0.6006717437906184,0.6693465748595945,0.7361383781633706,0.8010828921613976,0.864214727093173,0.9255674101476987,0.9851734274950487,1.0430642633705487,1.0992704363886274,1.1538215332515551,1.2067462400072697,1.2580723710005088,1.307826895652536,1.356035963196466,1.402724925487679,1.4479183580020691,1.491640079128521,1.5339131678564522,1.574759979953907,1.6142021627270418,1.6522606684473298,1.6889557665288706,1.7243070545344021,1.7583334680851688,1.7910532897465812,1.8224841569586203,1.852643069077069,1.881546393589084,1.9092098715639954,1.935648622397941,1.9608771479085148,1.9849093358335277,2.007758462785711,2.029437196713136,2.049957598913064,2.069331125644938,2.087568629386103,2.104680359771952,2.12067596426012,2.135564488556328,2.1493543768374543,2.162053471805433,2.1736690146033393,2.1842076446231555,2.19367539923237,2.202077713444605,2.209419419557151,2.215704746776174,2.2209373208481047,2.225120163713439,2.228255693196983,2.2303457227461427,2.231391461226739,2.231393512783267,2.230351876768415,2.2282659477440903,2.2251345155540436,2.2209557654656518,2.215727278376253,2.209446031076894,2.2021083965642303,2.193710144388753,2.1842464410255245,2.173711850251028,2.1621003335077065,2.149405250235423,2.1356193581468847,2.120734813421981,2.1047431707937,2.0876353834963144,2.069401803044342,2.0500321788087263,2.0295156573546707,2.007840781503541,1.98499548907914,1.9609671112967562,1.935742370751332,1.9093073789590362,1.881647633404608,1.852748014044605,1.822592779214776,1.7911655608874686,1.7584493592228432,1.7244265363553832,1.689078809354707,1.6523872422972499,1.6143322373827032,1.5748935250262772,1.5340501528548314,1.4917804735317692,1.4480621313320334,1.4028720473849168,1.3561864034982691,1.3079806244733456,1.2582293588147533,1.2069064577347288,1.1539849523453085,1.0994370289256965,1.0432340021453217,0.9853462861155905,0.9257433631351022,0.8643937499840677,0.801264961613755,0.736323472065824,0.6695346724444039,0.6008628257505575,0.5302710183740786,0.4577211080216264,0.38317366784236256,0.30658792649270983,0.2279217038602735,0.14713134214308868,0.06417163195403218,-0.021004266908967388,-0.10844491041845014,-0.1982006614259896,-0.2903237873905534,-0.3848685652373277,-0.4818913939062769,-0.5814509152036808,-0.6836081436299297,-0.7884266059235372,-0.8959724911357325,-1.0063148121325332,-1.1195255795136858,-1.2356799890408245,-1.3548566237821855,-1.4771376723100644,-1.6026091644310934,-1.7313612260910474,-1.8634883552765888,-1.9990897209397187,-2.1382694871987824,-2.2811371653263413,-2.427807996322783,-2.578403367199119,-2.7330512644582914,-2.8918867686757004,-3.0550525945437035,-3.2226996812669606,-3.394987838783124,-3.572086455944109,-3.754175277534844,-3.941445257836751,-4.134099499370785,-4.3323542864847076,-4.536440224587809,-4.746603497082268,-4.963107253389017,-5.186233142900431,-5.416283011179866,-5.653580776212051,-5.898474503891595,-6.1513387030683315,-6.412576861106678,-6.682624240693463,-6.961950956979925,-7.251065350211392,-7.550517661483752,-7.860904006200541,-8.182870618211474,-8.51711830296839,-8.864406983460036,-9.225560137679661,-9.60146879484574,-9.993094554786657,-10.401470782612627,-10.827700649923733,-11.272949952759873,-11.73843149361776,-12.225376052239703,-12.734982256716535,-13.268333513376767,-13.826263872627864,-14.40914542729972,-15.016556727065812,-15.646774755279315,-16.296015350373477,-16.957340119860028,-17.619182667292808,-18.26358883055051,-18.864617525363577,-19.387975785768255,-19.7936236649033,-20.042851470654426,-20.108936652827254,-19.986554111204747,-19.693846730257732,-19.265645657241933,-18.742569947090985,-18.16203069702065,-17.5537564057607,-16.93908443714636,-16.332192963550078,-15.741875992574341,-15.173169677448668,-14.628612424109718,-14.109142052054825,-13.614704652817647,-13.144655828703515,-12.698019866454835,-12.273654433793102,-11.870353479706239,-11.486910130227892,-11.122153881307595,-10.77497139581753,-10.444316934856044,-10.129216320654105,-9.828766944717241,-9.542135437802477,-9.268554036459589,-9.00731630309975,-8.757772611191728,-8.519325647925232,-8.291426083561523,-8.073568490263877,-7.86528755079339,-7.666154570780304,-7.475774291899753,-7.293781993612567,-7.119840865814777,-6.953639632213577,-6.794890403482306,-6.643326739564069,-6.4987019014463705,-6.3607872740281195,-6.2293709431586555,-6.1042564114273725,-5.985261438750799,-5.872216995198226,-5.764966314795559,-5.6633640402391805,-5.567275449536236,-5.476575756567367,-5.391149478448403,-5.310889863356879,-5.2356983731944435,-5.165484216086633,-5.100163924283453,-5.039660973526717,-4.983905440398468,-4.932833694566354,-4.886388123201836,-4.844516885170255,-4.807173692883794,-4.774317619971919,-4.745912933163821,-4.721928946996518,-4.7023399001635395,-4.687124852505498,-4.676267601817642,-4.669756619812881,-4.667585006734063,-1.4849470462634975,-1.7252214405026445,-1.4519896602182039,1.0678274593009633,1.3226342754174207,1.5146168053793174
-15.585013372979613,-15.589249058705114,-15.601993923639077,-15.6232798224804,-15.653160166272828,-15.69171033519401,-15.739028265297257,-15.795235217932564,-15.86047674335435,-15.934923853018342,-16.018774418326394,-16.112254817140872,-16.21562185329749,-16.329164978621783,-16.453208851599857,-16.588116271824383,-16.734291534517396,-16.892184254585622,-17.062293714361207,-17.245173792677008,-17.44143853396824,-17.65176841262192,-17.8769173364461,-18.11772040844198,-18.3751024191852,-18.65008695870697,-18.94380589348142,-19.257508712889738,-19.592570847891096,-19.950499399646397,-20.332933617055797,-20.7416356463645,-21.178464072235826,-21.645317798217295,-22.14402960101313,-22.676175216487117,-23.2427420732928,-23.8435679651958,-24.476411277049696,-25.135456386731477,-25.809025883645084,-26.47638110268977,-27.104020172553053,-27.64324688421858,-28.032940866491124,-28.212185216156193,-28.14186170336614,-27.822837727194482,-27.29552467236828,-26.62121440751907,-25.860681382357072,-25.06199912631926,-24.25807710473073,-23.469203501121424,-22.706748507200043,-21.976329296359257,-21.280061993542972,-20.61802909092071,-19.989190931596326,-19.391935406180075,-18.82440202270886,-18.28466842192282,-17.77085414294066,-17.281175104508886,-16.813969052521124,-16.367704174095902,-15.940978206451987,-15.5325124251443,-15.141143116643255,-14.765812063320228,-14.405556917146395,-14.059501944789021,-13.726849390414113,-13.406871562155622,-13.098903666550347,-12.802337369385022,-12.516615037282682,-12.24122460328836,-11.975694996342067,-11.71959207554764,-11.47251501353706,-11.234093077761905,-11.003982763484894,-10.781865237170546,-10.567444053650807,-10.360443114751689,-10.16060484096496,-9.96768853122755,-9.781468888950105,-9.601734695143628,-9.428287611864889,-9.260941101272998,-9.099519447396311,-8.943856869283005,-8.793796715579564,-8.64919073177562,-8.509898392394186,-8.375786291313727,-8.246727584200404,-8.122601477721016,-8.003292760812226,-7.88869137381216,-7.778692011725409,-7.673193758300963,-7.572099747962293,-7.475316852945076,-7.3827553932778915,-7.2943288674881,-7.20995370213384,-7.129549018457161,-7.053036414625678,-6.980339762183506,-6.911385015469094,-6.8461000328798525,-6.784414408972861,-6.72625931648906,-6.671567357476748,-6.6202724227695695,-6.5723095591461265,-6.527614843563315,-6.486125263914692,-6.447778605818824,-6.412513344991804,-6.380268544803219,-6.350983758656145,-6.324598936870084,-6.301054337781206,-6.280290442807176,-6.262247875254684,-6.246867322676751,-6.234089462614021,-6.223854891580183,-6.216104057176002,-6.210777193240026,-6.207814257966281,-6.207154874940905,-6.208738277070429,-6.212503253394537,-6.218388098795535,-6.226330566635778,-6.236267824372512,-6.2481364122175185,-6.261872204926146,-6.277410376817009,-6.294685370139836,-6.313630866924269,-6.334179764457211,-6.356264154550287,-6.379815306771825,-6.404763655829874,-6.43103879330345,-6.458569463928687,-6.48728356665452,-6.517108160688771,-6.547969476759953,-6.57979293382227,-6.6125031614315954,-6.646024028017358,-6.680278675270341,-6.715189558858049,-6.750678495668008,-6.786666717764637,-6.82307493322703,-6.859823394012977,-6.896831970968699,-6.934020236073856,-6.9713075519774605,-7.00861316884243,-7.045856328474384,-7.082956375664434,-7.1198328766258125,-7.156405744351117,-7.1925953706601655,-7.228322764649263,-7.2635096971907664,-7.298078851068372,-7.331953976268632,-7.365060049884088,-7.397323440018431,-7.428672073020353,-7.459035603311152,-7.4883455850126435,-7.516535644527204,-7.5435416531726505,-7.56930189893088,-7.593757256333042,-7.616851353475475,-7.6385307351409555,-7.658745020989651,-7.677447057784317,-7.694593064624888,-7.710142770189501,-7.7240595410119095,-7.736310499869581,-7.746866633411903,-7.755702888223965,-7.762798254597239,-7.768135837363891,-7.771702913244925,-7.7734909742633365,-7.7734957568802105,-7.77171725662313,-7.768159728090729,-7.762831670333465,-7.7557457977265685,-7.746918996565862,-7.736372267728409,-7.724130655846855,-7.710223165547109,-7.694682665392732,-7.677545780264583,-7.658852772980309,-7.638647416024153,-7.616976854312874,-7.593891459967759,-7.569444680095691,-7.543692878604125,-7.516695173085489,-7.488513267806586,-7.459211283828448,-7.428855587262482,-7.397514616640173,-7.365258710337334,-7.332159934950349,-7.298291915472577,-7.2637296680642915,-7.2285494361512885,-7.192828530525398,-7.156645174056515,-7.120078351560881,-7.083207665305009,-7.046113196559927,-7.008875373556824,-6.971574846133349,-6.9342923673005,-6.897108681903448,-6.860104422496342,-6.82336001250143,-6.786955576676822,-6.750970858875207,-6.715485147037886,-6.680577205334538,-6.646325213329195,-6.612806712027202,-6.580098556635687,-6.548276875851985,-6.517417037479593,-6.48759362015996,-6.458880391000222,-6.43135028887177,-6.405075413151973,-6.380127017681563,-6.3565755097122825,-6.334490453624002,-6.313940579196602,-6.294993794230007,-6.277717201315093,-6.262177118569032,-6.248439104160587,-6.236567984463839,-6.226627885692775,-6.218682268883842,-6.212793968109098,-6.209025231818638,-6.2074377672277015,-6.208092787681133,-6.211051062945728,-6.21637297239924,-6.224118561103841,-6.234347598771242,-6.247119641646764,-6.262494097360516,-6.280530292815293,-6.301287545203337,-6.324825236267342,-6.3512028899457915,-6.38048025356841,-6.4127173827947175,-6.447974730517699,-6.486313239985405,-6.527794442426201,-6.572480559498923,-6.620434610927489,-6.671720527720812,-6.726403271424129,-6.784548959896867,-6.8462250001660765,-6.911500228963576,-6.9804450616200375,-7.0531316500611,-7.129634050730148,-7.210028403350951,-7.294393121541147,-7.382809096397594,-7.4753599142965355,-7.572132090288721,-7.673215318623036,-7.778702742104809,-7.888691242189187,-8.003281751928847,-8.12257959414267,-8.246694847451819,-8.375742743146716,-8.509844096208248,-8.649125774215605,-8.793721208339122,-8.943770951147098,-9.099423286562327,-9.260834897996993,-9.428171601487977,-9.601609151563984,-9.781334128618461,-9.967544917759279,-10.160452790480365,-10.360283102078796,-10.567276619552954,-10.78169099679541,-11.003802416274489,-11.233907419116317,-11.472324948591375,-11.719398635505547,-11.97549935791562,-12.241028111928468,-12.516419235057093,-12.802144028582399,-13.098714830375084,-13.406689594251073,-13.726677035438527,-14.059342402910556,-14.405413936173069,-14.765690053314318,-15.14104729338973,-15.53244899089561,-15.940954579158536,-16.367729280134327,-16.81405370314319,-17.281332483389125,-17.771100442021087,-18.285023676162666,-18.824891212423935,-19.392589919385742,-19.99005050826763,-20.61914440358924,-21.28149804354858,-21.978169792414832,-22.709101268196893,-23.472206518388138,-24.261903858704315,-25.066859461383615,-25.86680999134373,-26.6288332679909,-27.304764332935797,-27.833621064005843,-28.153806791200658,-28.22463146822536,-28.045139746745406,-27.65459822825644,-27.114192191365078,-26.48528528844285,-25.816726876073652,-25.142088791688725,-24.482127214714374,-23.84851109979592,-23.247037732241683,-22.679928579952133,-22.147327316180633,-21.648230701099905,-21.18104998928905,-20.74394188461514,-20.334999039846068,-19.952356103514155,-19.594245496581017,-19.25902359157894,-18.945179740577935,-18.65133562309288,-18.376239381233134,-18.11875719484308,-17.87786385213955,-17.652633207800676,-17.442229020021284,-17.245896417771643,-17.0629541069548,-16.89278734131167,-16.734841637478375,-16.588617189239535,-16.45366392492034,-16.329577148578036,-16.215993706840372,-16.112588626843664,-16.019072175505023,-15.935187295581565,-15.860707379200278,-15.795434344551238,-15.739196986112088,-15.69184957307188,-15.653270674547414,-15.623362193762487,-15.602048596627625,-15.589276323161164,-15.585013372979613,-1.576535655644229,-0.03638143721713649,-0.8310801089208337,1.999154463149594,1.0903863776488487,0.837142342450083
-1.8339530995558804,-1.8369404510381238,-1.8459083910414624,-1.8608685494519404,-1.8818403577308338,-1.908851116144691,-1.941936088043996,-1.9811386213054314,-2.026510297042541,-2.0781111056429813,-2.1360096500943277,-2.200283376398503,-2.2710188306256134,-2.348311941794881,-2.4322683292577167,-2.5230036325504996,-2.6206438607227933,-2.7253257568532248,-2.8371971717388496,-2.9564174384522706,-3.0831577364307474,-3.2176014297652515,-3.3599443590961524,-3.510395059601381,-3.669174868464522,-3.836517873248803,-4.012670636875418,-4.19789161421915,-4.392450148119184,-4.596624896792266,-4.810701497520542,-5.034969209540479,-5.269716197728723,-5.515223012170717,-5.771753679785643,-6.039543644163272,-6.318783558723178,-6.609597646045176,-6.912014974578279,-7.225931571570823,-7.551060802686791,-7.886868951874208,-8.23249253855504,-8.586633829477377,-8.94743163101409,-9.312306436178154,-9.677783336989386,-10.039304103774558,-10.391052812110924,-10.725837850244627,-11.035094905295873,-11.309093165824255,-11.537425759144721,-11.709825763858785,-11.817258296505441,-11.853111832470791,-11.814203796014777,-11.701303735886041,-11.519002591810956,-11.274971922570316,-10.97884861631703,-10.641052859385443,-10.271789611144015,-9.880359288426277,-9.474785876027573,-9.061699964325857,-8.646391755545245,-8.232957388936542,-7.8244825092762,-7.4232280120482255,-7.030799284157815,-6.648291167569385,-6.276407276215044,-5.915555580797496,-5.565923538617983,-5.227536337810718,-4.900301587478988,-4.584043331193573,-4.278527758970347,-3.98348252286557,-3.698611155838355,-3.4236037595138056,-3.158144859145538,-2.9019191140741354,-2.65461540904343,-2.415929726356923,-2.185567102895815,-1.963242902825826,-1.7486835811056798,-1.5416270705453892,-1.3418228929627594,-1.1490320705109005,-0.9630268946404968,-0.7835905960057667,-0.6105169478521572,-0.4436098272259552,-0.28268275210554245,-0.12755840780588173,0.021931827603273515,0.16594835186686457,0.3046437961815697,0.43816346855072347,0.5666457806894654,0.6902226571971702,0.8090199263711557,0.9231576925189589,1.0327506899761905,1.13790861928602,1.2387364661677251,1.3353348040150483,1.4278000807341824,1.516224890767353,1.6006982331596544,1.6813057565203824,1.758129991710854,1.8312505730620863,1.9007444488909444,1.9666860820445171,2.029147641160927,2.0881991832924096,2.143908828493327,2.1963429269332084,2.245566219053079,2.291641989242226,2.334632213473191,2.3745977012941806,2.4115982325413907,2.4456926890979194,2.4769391819918454,2.5053951740928992,2.5311175986353103,2.5541629737636335,2.5745875132684413,2.592447233649845,2.607798057618549,2.620695914116593,2.631196834913052,2.6393570478033523,2.6452330664150168,2.6488817765969666,2.650360519344213,2.649727170184935,2.6470402149322343,2.642358821678749,2.6357429088882283,2.6272532094149996,2.61695133025903,2.604899807842313,2.5911621585704756,2.575802924423025,2.558887713296115,2.5404832338033296,2.5206573242234986,2.4994789752694597,2.477018346339114,2.453346774899589,2.428536778647973,2.402662050087419,2.375797443156739,2.34801895155449,2.319403678405898,2.2900297969331005,2.2599765018062405,2.2293239508757416,2.1981531970144204,2.166546109832932,2.1345852870729667,2.1023539555303747,2.0699358614148156,2.037415150113707,2.0048762353962326,1.9724036581675222,1.9400819349639167,1.9079953964666148,1.8762280164026577,1.8448632312983482,1.8139837516498454,1.7836713651777678,1.7540067329361593,1.7250691791495154,1.6969364757533687,1.6696846227127495,1.6433876252867328,1.61811726949461,1.593942897118491,1.570931181646057,1.5491459066146354,1.5286477478616154,1.5094940612155527,1.491738677175152,1.4754317041193075,1.4606193415691386,1.4473437049822464,1.4356426635001016,1.4255496919913617,1.4170937386379014,1.4102991091970862,1.4051853689445226,1.4017672631578748,1.400054656846066,1.4000524942615753,1.401760778558916,1.405174571782237,1.4102840151821738,1.4170743696792296,1.4255260761108224,1.4356148347245454,1.447311703213472,1.460583212433155,1.4753914987962244,1.4916944522112,1.509445878318914,1.5285956736837618,1.5490900125190055,1.5708715434659404,1.5938795949060012,1.6180503872626375,1.6433172507457294,1.6696108470041606,1.69685939318148,1.724988886913371,1.7539233308630855,1.7835849554600245,1.8138944385856817,1.8447711210386735,1.8761332167044389,1.9078980164538895,1.9399820848972202,1.9723014492224138,2.0047717794514326,2.0373085595492215,2.069827248920352,2.1022434339242064,2.1344729691312767,2.166432108129616,2.1980376237712047,2.2292069178224065,2.2598581200506622,2.2899101768407752,2.3192829294885504,2.3478971823673276,2.3756747612038778,2.402538561734991,2.4284125890444086,2.453221987902491,2.476893064448245,2.4993532995652923,2.520531354310746,2.540357067758988,2.5587614476214497,2.5756766539990417,2.5910359766163173,2.6047738058761998,2.6168255980611836,2.627127834992218,2.6356179784396057,2.642234419562208,2.6469164236314646,2.6496040702763644,2.6502381894637224,2.6487602934059407,2.64511250456552,2.639237479902034,2.6310783314835584,2.6205785435601925,2.607681886172666,2.592332325344302,2.5744739298790353,2.5540507747628864,2.531006841140036,2.505285912808314,2.47683146915192,2.445586574401654,2.4114937630846516,2.374494921496696,2.33453116500033,2.2915427109210413,2.245468746782123,2.1962472935855506,2.1438150638120863,2.088107313778096,2.0290576899497283,1.966598068776636,1.9006583895678455,1.8311664798914653,1.7580478729379685,1.6812256162440917,1.6006200711314222,1.5161487021711082,1.427725855944658,1.3352625283319504,1.2386661195225293,1.137840175917912,1.032684118072996,0.9230929538183523,0.8089569757167187,0.6901614420429892,0.5665862405460722,0.43810553436384114,0.3045873896340736,0.16589338459252329,0.021878200299143332,-0.12761080638379224,-0.2827340462812391,-0.44366015569798223,-0.6105664651683715,-0.7836394742470337,-0.9630753253472467,-1.1490802668923714,-1.3418710924359376,-1.5416755376589861,-1.748732610914566,-1.9632928247931698,-2.1856182854140265,-2.4159825819950167,-2.6546704006473294,-2.901976761868714,-3.1582057490119397,-3.423668552643705,-3.69868059999669,-3.9835574655235604,-4.278609162598511,-4.584132291023797,-4.900399352046417,-5.227644332554435,-5.566043392728764,-5.915689157311903,-6.276556705005708,-6.648458880280516,-7.030988049148861,-7.423440965854589,-7.824723178738951,-8.233229694737803,-8.646699983218065,-9.062048682965688,-9.47517977867078,-9.88080292346426,-10.272286975441304,-10.641606837776866,-10.979460286995192,-11.2756398080053,-11.519722011483392,-11.702066478447632,-11.81499832285748,-11.853924110862904,-11.818073155698787,-11.710628466363783,-11.538203399502333,-11.309835597723932,-11.035795092211488,-10.726491720568292,-10.391658799093118,-10.03986255667222,-9.678295940946532,-9.31277571683215,-8.947860570499934,-8.587025590340438,-8.232850278094144,-7.88719570580087,-7.551359418653546,-7.2262046767982575,-6.912264965730921,-6.609826692904345,-6.318993615864237,-6.039736466800013,-5.771930841323782,-5.515385921955158,-5.269866118097493,-5.035107271706933,-4.810828716064383,-4.59674218269977,-4.39255832040693,-4.197991410227515,-4.012762721343421,-3.83660284629073,-3.669253272568035,-3.510467385760268,-3.3600110521820126,-3.2176628932319717,-3.0832143364353968,-2.956469507466066,-2.8372450117126595,-2.725369641993929,-2.6206840399291025,-2.5230403315506984,-2.43230175248572,-2.348342274036234,-2.2710462384605856,-2.2003080094656693,-2.1360316421948213,-2.078130575702639,-2.0265273499467478,-1.981153348619292,-1.9419485686285292,-1.9088614166780569,-1.8818485331421675,-1.8608746432739625,-1.845912435686817,-1.8369424680033528,-1.8339530995558841,-1.4048738524073685,-1.6827987568430922,-1.266216397036335,1.932312871566443,1.9173298982190121,1.3585862567800262
-29.579547347018668,-29.584241549705798,-29.598433690742667,-29.622166585647314,-29.655512159385523,-29.698572182101692,-29.751479321679327,-29.814398536158574,-29.887528837055708,-29.971105463829247,-30.06540252051259,-30.170736138371407,-30.287468243960287,-30.41601103093372,-30.556832257431115,-30.710461520135365,-30.877497692960354,-31.05861776509396,-31.254587372953413,-31.46627339774712,-31.694659100573613,-31.940862398274316,-32.20615805658986,-32.492004807851764,-32.80007870989432,-33.13231448118144,-33.490957116618176,-33.878626868368556,-34.29840174799329,-34.75392317963189,-35.249532444346,-35.79044824041526,-36.38299908521032,-37.034928036425576,-37.75578960733982,-38.557453969576855,-39.45470329747145,-40.46579291218361,-41.61247892872487,-42.91782059321848,-44.396263359887236,-46.0191294185687,-47.614663260841105,-48.69454608591708,-48.6000808019682,-47.34175516137837,-45.582382690688604,-43.80217182865646,-42.167883107506185,-40.70647077967047,-39.403032632742864,-38.2344391152278,-37.178962359752575,-36.21838779407719,-35.33796343290271,-34.525834670224334,-33.77244915351572,-33.07005485712644,-32.41230528004634,-31.793956400911235,-31.21063552496537,-30.65866462333105,-30.134924519820547,-29.636749666951843,-29.16184592144303,-28.708225726366223,-28.27415657023434,-27.85811965767499,-27.458776500663408,-27.074941704737398,-26.705560639985954,-26.349690993874315,-26.006487432003684,-25.675188764960044,-25.355107149672122,-25.045618953085146,-24.746156982355867,-24.456203844929348,-24.17528624798381,-23.90297008293797,-23.638856169322885,-23.3825765550621,-23.1337912883904,-22.892185591267243,-22.657467375967123,-22.42936505614133,-22.20762561149688,-21.992012871681922,-21.78230599027944,-21.57829808420988,-21.379795017501028,-21.186614311436966,-20.99858416565712,-20.81554257692893,-20.637336544134868,-20.46382134955366,-20.294859907823493,-20.130322175090516,-19.970084611798967,-19.814029693397586,-19.662045463940192,-19.514025128164835,-19.36986667816084,-19.2294725511875,-19.092749315603783,-18.95960738221236,-18.82996073862244,-18.70372670449838,-18.580825705792545,-18.461181066263116,-18.34471881475652,-18.231367506891722,-18.121058059922937,-18.01372359968079,-17.909299318601608,-17.807722343951646,-17.708931615440125,-17.612867771491942,-17.51947304352019,-17.428691157600444,-17.340467243003935,-17.254747747096726,-17.1714803561563,-17.090613921697425,-17.01209839193503,-16.935884748044717,-16.86192494491072,-16.790171856077777,-16.720579222647615,-16.653101605882092,-16.587694343295208,-16.52431350803369,-16.462915871362227,-16.403458868084048,-16.345900564740813,-16.29019963044797,-16.236315310232445,-16.18420740074969,-16.13383622826596,-16.085162628799786,-16.03814793032403,-15.992753936936479,-15.948942914912884,-15.906677580561716,-15.865921089804765,-15.82663702941175,-15.788789409821366,-15.752342659483896,-15.71726162066419,-15.68351154664576,-15.651058100279382,-15.619867353821311,-15.589905790007826,-15.561140304314234,-15.533538208347453,-15.507067234322173,-15.481695540571216,-15.457391718041176,-15.434124797724671,-15.411864258980575,-15.390580038693706,-15.370242541225158,-15.350822649104277,-15.332291734412895,-15.31462167081205,-15.29778484616092,-15.281754175677154,-15.266503115587346,-15.252005677215712,-15.238236441458618,-15.225170573592026,-15.212783838358428,-15.201052615279506,-15.189953914140323,-15.179465390590545,-15.169565361808182,-15.160232822171007,-15.151447458881108,-15.143189667488006,-15.135440567256211,-15.128182016323471,-15.121396626596637,-15.115067778332797,-15.109179634354327,-15.103717153847569,-15.098666105696248,-15.094013081302016,-15.089745506846459,-15.0858516549504,-15.082320655688621,-15.079142506920114,-15.076308083896393,-15.073809148112943,-15.071638355371375,-15.06978926302287,-15.068256336366233,-15.067034954177018,-15.06612141334736,-15.065512932619283,-15.065207655397753,-15.065204651632982,-15.065503918765,-15.066106381727026,-15.06701389200757,-15.068229225774745,-15.069756081069771,-15.071599074080034,-15.07376373450545,-15.076256500035363,-15.079084709956195,-15.082256597913455,-15.085781283854713,-15.089668765182893,-15.093929907152358,-15.098576432542593,-15.103620910647034,-15.109076745616775,-15.114958164201155,-15.12128020292925,-15.128058694777994,-15.135310255374483,-15.14305226878135,-15.151302872915526,-15.16008094465164,-15.169406084662524,-15.179298602049789,-15.189779498818258,-15.200870454248413,-15.212593809221374,-15.224972550551001,-15.238030295377925,-15.251791275680077,-15.266280322954213,-15.281522853122569,-15.297544851718541,-15.31437285940476,-15.332033957876492,-15.350555756202787,-15.369966377657285,-15.390294447089957,-15.411569078890668,-15.433819865594733,-15.457076867180369,-15.481370601107368,-15.506732033146065,-15.533192569045307,-15.560784047088143,-15.589538731583698,-15.619489307343994,-15.650668875194642,-15.683110948568737,-15.716849451234046,-15.75191871620425,-15.788353485886216,-15.8261889135165,-15.865460565941964,-15.906204427801233,-15.948456907165928,-15.992254842703243,-16.037635512424345,-16.0846366440864,-16.13329642731984,-16.18365352755683,-16.235747101841536,-16.289616816608255,-16.345302867519376,-16.402846001461757,-16.462287540807385,-16.523669410052435,-16.587034164957583,-16.6524250243226,-16.719885904538888,-16.789461457075948,-16.861197109070876,-16.935139107204694,-17.011334565065482,-17.089831514216197,-17.170678959204523,-17.25392693677411,-17.339626579560363,-17.427830184580554,-17.51859128685751,-17.61196473854855,-17.708006793987582,-17.806775201088325,-17.90832929960114,-18.01273012676574,-18.120040530957123,-18.23032529398406,-18.34365126276817,-18.46008749120916,-18.579705393128158,-18.702578907278443,-18.828784675522275,-18.958402235395727,-19.091514228422774,-19.228206625697148,-19.368568972428847,-19.51269465335502,-19.660681181144902,-19.8126305101917,-19.96864937848425,-20.128849680595255,-20.293348875217305,-20.46227043113226,-20.63574431602315,-20.81390753314329,-20.99690471155975,-21.184888756504577,-21.378021567319145,-21.576474831590062,-21.780430905380676,-21.99008379099858,-22.205640225552866,-22.427320895703417,-22.655361796558164,-22.8900157557215,-23.131554147146787,-23.38026882383483,-23.636474303720767,-23.90051024951984,-24.17274429113515,-24.453575248818566,-24.743436827071296,-25.042801863858088,-25.35218723784442,-25.672159559043987,-26.0033417967856,-26.346421035006177,-26.702157590854423,-27.071395791548323,-27.45507678056255,-27.85425382324823,-28.270110711757702,-28.70398404051612,-29.15739035155491,-29.63205945492956,-30.129975642858984,-30.65342907884409,-31.20508041319283,-31.788042734619914,-32.40598642150758,-33.063274439544045,-33.76513828039422,-34.51790809190817,-35.32931426203015,-36.20888013057844,-37.16842096647,-38.222635148227376,-39.389664965538714,-40.69114592318588,-42.150111600629344,-43.78145622644161,-45.55866988224637,-47.31697763815872,-48.580741486589076,-48.688215982679225,-47.61972015458478,-46.02920125549439,-44.40746390500949,-42.92864423556132,-41.622470232746096,-40.47487922211688,-39.46293881988709,-38.564927239094956,-37.76259101139444,-37.041139344321,-36.38869103474897,-35.795680970615216,-35.254356800903906,-34.7583821548985,-34.30253179778196,-33.882459035039055,-33.49451795823794,-33.13562683008645,-32.80316228900392,-32.49487673127712,-32.208833237167795,-31.9433538805313,-31.696978333944273,-31.46843046181186,-31.256591163996607,-31.060476151336648,-30.879217644291202,-30.712049216966943,-30.558293182370384,-30.417350046220047,-30.28868965704455,-30.171843757551432,-30.066399702175488,-29.971995152559828,-29.88831359963577,-29.81508059029168,-29.7520605601208,-29.699054192745674,-29.655896241754732,-29.62245376414158,-29.598624724925617,-29.58433694184265,-29.579547347018664,-0.19097877075972547,-0.32125889632726734,-0.5889153780017942,1.3477650181136969,0.549706955646718,0.5609760659498186
